%  SAM: /home/jc54391/flu-amd_LABEL/flu-amd/LABEL_RES/scripts/modelfromalign_Linux v3.5 (July 15, 2005) compiled 12/08/06_16:15:55
%  (c) 1992-2001 Regents of the University of California, Santa Cruz
%
%          Sequence Alignment and Modeling Software System
%         http://www.cse.ucsc.edu/research/compbio/sam.html
%
% ----------------- Citations (SAM, SAM-T2K, HMMs) --------------------
% R. Hughey, A. Krogh, Hidden Markov models for sequence analysis:
%  Extension and analysis of the basic method, CABIOS 12:95-107, 1996.
% K. Karplus, et al., What is the value added by human intervention in protein
%  structure prediction, Proteins: Stucture, Function, Genetics 45(S5):86--91, 2001.
% A. Krogh et al., Hidden Markov models in computational biology:
%  Applications to protein modeling, JMB 235:1501-1531, Feb 1994.
% ---------------------------------------------------------------------
%  c-A.5_hmm   Host: c1-6.compute.lan    Wed Dec 28 01:20:32 2022
%  jc54391     Dir:  /home/jc54391/flu-amd_LABEL/flu-amd/LABEL_RES/training_data/label_test/base
% ---------------------------------------------------------------------
%  Alignment weights from internal calc.  Total (22.72) Max (0.17) Min (0.04)
%  Weights from alignment method 1 (karplus), b=-1.000000, e=0.500000
MODEL --  Model from alignment file /home/jc54391/flu-amd_LABEL/flu-amd/LABEL_RES/training_data/label_test/c-A.5.fasta
alphabet DNA
FREQAVE
0.000000 0.000000 0.000000 
0.000000 0.000000 0.000000 
0.000000 0.000000 0.000000 
0.389061 0.156707 0.177301 0.276931 
0.389061 0.156707 0.177301 0.276931 
Begin
0.000000 0.000000 0.000000 
0.000000 0.000000 0.000000 
0.000000 0.006862 0.491768 
0.250000 0.250000 0.250000 0.250000 
0.250000 0.250000 0.250000 0.250000 
   1
0.000000 0.591121 0.046210 
0.000000 0.402017 0.462022 
0.008491 0.016517 0.491768 
0.235855 0.235855 0.292436 0.235855 
0.250000 0.250000 0.250000 0.250000 
   2
0.923059 0.015833 0.046210 
0.068450 0.967650 0.462022 
0.008491 0.016517 0.491768 
0.235855 0.292436 0.235855 0.235855 
0.250000 0.250000 0.250000 0.250000 
   3
0.923059 0.015833 0.046210 
0.068450 0.967650 0.462022 
0.008491 0.016517 0.491768 
0.292436 0.235855 0.235855 0.235855 
0.250000 0.250000 0.250000 0.250000 
   4
0.920860 0.015833 0.046210 
0.070649 0.967650 0.462022 
0.008510 0.016458 0.491768 
0.275810 0.223522 0.223522 0.277146 
0.250000 0.250000 0.250000 0.250000 
   5
0.922890 0.015776 0.046210 
0.068601 0.967767 0.462022 
0.008510 0.016458 0.491768 
0.223522 0.223522 0.329433 0.223522 
0.250000 0.250000 0.250000 0.250000 
   6
0.920734 0.015776 0.046210 
0.070756 0.967767 0.462022 
0.008528 0.016400 0.491768 
0.212651 0.262395 0.212651 0.312302 
0.250000 0.250000 0.250000 0.250000 
   7
0.829774 0.015720 0.046210 
0.161698 0.967880 0.462022 
0.009402 0.014239 0.491768 
0.777661 0.084835 0.068752 0.068752 
0.250000 0.250000 0.250000 0.250000 
   8
0.914804 0.013649 0.046210 
0.075794 0.972112 0.462022 
0.009402 0.014239 0.491768 
0.074157 0.074157 0.777528 0.074157 
0.250000 0.250000 0.250000 0.250000 
   9
0.912642 0.013649 0.046210 
0.077956 0.972112 0.462022 
0.009422 0.014200 0.491768 
0.067784 0.780791 0.083641 0.067784 
0.250000 0.250000 0.250000 0.250000 
  10
0.914620 0.013611 0.046210 
0.075958 0.972189 0.462022 
0.009422 0.014200 0.491768 
0.083641 0.350494 0.484005 0.081861 
0.250000 0.250000 0.250000 0.250000 
  11
0.914620 0.013611 0.046210 
0.075958 0.972189 0.462022 
0.009422 0.014200 0.491768 
0.067784 0.796647 0.067784 0.067784 
0.250000 0.250000 0.250000 0.250000 
  12
0.911826 0.013611 0.046210 
0.078752 0.972189 0.462022 
0.009449 0.014149 0.491768 
0.770873 0.066576 0.080402 0.082150 
0.250000 0.250000 0.250000 0.250000 
  13
0.908460 0.013563 0.046210 
0.082091 0.972288 0.462022 
0.009505 0.014043 0.491768 
0.794199 0.064159 0.064159 0.077483 
0.250000 0.250000 0.250000 0.250000 
  14
0.913871 0.013461 0.046210 
0.076625 0.972495 0.462022 
0.009505 0.014043 0.491768 
0.794199 0.064159 0.077483 0.064159 
0.250000 0.250000 0.250000 0.250000 
  15
0.913871 0.013461 0.046210 
0.076625 0.972495 0.462022 
0.009505 0.014043 0.491768 
0.794199 0.064159 0.064159 0.077483 
0.250000 0.250000 0.250000 0.250000 
  16
0.913871 0.013461 0.046210 
0.076625 0.972495 0.462022 
0.009505 0.014043 0.491768 
0.779525 0.064159 0.064159 0.092157 
0.250000 0.250000 0.250000 0.250000 
  17
0.911700 0.013461 0.046210 
0.078795 0.972495 0.462022 
0.009526 0.014005 0.491768 
0.796886 0.063321 0.076471 0.063321 
0.250000 0.250000 0.250000 0.250000 
  18
0.913683 0.013425 0.046210 
0.076791 0.972570 0.462022 
0.009526 0.014005 0.491768 
0.063321 0.063321 0.076471 0.796886 
0.250000 0.250000 0.250000 0.250000 
  19
0.913683 0.013425 0.046210 
0.076791 0.972570 0.462022 
0.009526 0.014005 0.491768 
0.063321 0.810036 0.063321 0.063321 
0.250000 0.250000 0.250000 0.250000 
  20
0.911210 0.013425 0.046210 
0.079264 0.972570 0.462022 
0.009549 0.013962 0.491768 
0.062395 0.062395 0.799857 0.075352 
0.250000 0.250000 0.250000 0.250000 
  21
0.913469 0.013384 0.046210 
0.076982 0.972654 0.462022 
0.009549 0.013962 0.491768 
0.075352 0.799857 0.062395 0.062395 
0.250000 0.250000 0.250000 0.250000 
  22
0.913469 0.013384 0.046210 
0.076982 0.972654 0.462022 
0.009549 0.013962 0.491768 
0.062395 0.062395 0.075352 0.799857 
0.250000 0.250000 0.250000 0.250000 
  23
0.913469 0.013384 0.046210 
0.076982 0.972654 0.462022 
0.009549 0.013962 0.491768 
0.812815 0.062395 0.062395 0.062395 
0.250000 0.250000 0.250000 0.250000 
  24
0.913469 0.013384 0.046210 
0.076982 0.972654 0.462022 
0.009549 0.013962 0.491768 
0.062395 0.062395 0.812815 0.062395 
0.250000 0.250000 0.250000 0.250000 
  25
0.911488 0.013384 0.046210 
0.078963 0.972654 0.462022 
0.009568 0.013928 0.491768 
0.749140 0.061674 0.061674 0.127512 
0.250000 0.250000 0.250000 0.250000 
  26
0.904661 0.013351 0.046210 
0.085771 0.972721 0.462022 
0.009651 0.013781 0.491768 
0.794030 0.077524 0.058722 0.069724 
0.250000 0.250000 0.250000 0.250000 
  27
0.910379 0.013210 0.046210 
0.079969 0.973009 0.462022 
0.009672 0.013745 0.491768 
0.068905 0.058033 0.803287 0.069776 
0.250000 0.250000 0.250000 0.250000 
  28
0.853790 0.013175 0.046210 
0.136538 0.973080 0.462022 
0.010274 0.012838 0.491768 
0.858922 0.052969 0.044054 0.044054 
0.250000 0.250000 0.250000 0.250000 
  29
0.903374 0.012306 0.046210 
0.086352 0.974856 0.462022 
0.010310 0.012790 0.491768 
0.869617 0.043461 0.043461 0.043461 
0.250000 0.250000 0.250000 0.250000 
  30
0.897501 0.012260 0.046210 
0.092189 0.974950 0.462022 
0.010405 0.012669 0.491768 
0.866098 0.049881 0.042011 0.042011 
0.250000 0.250000 0.250000 0.250000 
  31
0.903669 0.012144 0.046210 
0.085927 0.975187 0.462022 
0.010426 0.012642 0.491768 
0.041699 0.041699 0.874902 0.041699 
0.250000 0.250000 0.250000 0.250000 
  32
0.897626 0.012119 0.046210 
0.091948 0.975239 0.462022 
0.010509 0.012541 0.491768 
0.040543 0.040543 0.040543 0.878371 
0.250000 0.250000 0.250000 0.250000 
  33
0.900306 0.012021 0.046210 
0.089185 0.975439 0.462022 
0.010556 0.012484 0.491768 
0.039922 0.039922 0.039922 0.880234 
0.250000 0.250000 0.250000 0.250000 
  34
0.902463 0.011967 0.046210 
0.086981 0.975549 0.462022 
0.010576 0.012461 0.491768 
0.039667 0.880998 0.039667 0.039667 
0.250000 0.250000 0.250000 0.250000 
  35
0.904163 0.011944 0.046210 
0.085261 0.975595 0.462022 
0.010576 0.012461 0.491768 
0.039667 0.039667 0.880998 0.039667 
0.250000 0.250000 0.250000 0.250000 
  36
0.801541 0.011944 0.046210 
0.187883 0.975595 0.462022 
0.011786 0.011301 0.491768 
0.034388 0.906740 0.029436 0.029436 
0.250000 0.250000 0.250000 0.250000 
  37
0.888251 0.010832 0.046210 
0.099963 0.977867 0.462022 
0.011844 0.011255 0.491768 
0.029111 0.029111 0.029111 0.912667 
0.250000 0.250000 0.250000 0.250000 
  38
0.892672 0.014912 0.046210 
0.095484 0.973833 0.462022 
0.011784 0.011302 0.491768 
0.911665 0.029445 0.029445 0.029445 
0.250000 0.250000 0.250000 0.250000 
  39
0.867708 0.010834 0.046210 
0.120508 0.977864 0.462022 
0.012093 0.011072 0.491768 
0.916473 0.027842 0.027842 0.027842 
0.250000 0.250000 0.250000 0.250000 
  40
0.888321 0.010613 0.046210 
0.099586 0.978315 0.462022 
0.012118 0.011054 0.491768 
0.916836 0.027721 0.027721 0.027721 
0.250000 0.250000 0.250000 0.250000 
  41
0.878171 0.010596 0.046210 
0.109711 0.978350 0.462022 
0.012265 0.010952 0.491768 
0.027050 0.027050 0.882145 0.063756 
0.250000 0.250000 0.250000 0.250000 
  42
0.867854 0.010498 0.046210 
0.119881 0.978550 0.462022 
0.012529 0.010781 0.491768 
0.030642 0.025964 0.917431 0.025964 
0.250000 0.250000 0.250000 0.250000 
  43
0.886471 0.010334 0.046210 
0.101000 0.978886 0.462022 
0.012529 0.010781 0.491768 
0.912165 0.025964 0.031229 0.030642 
0.250000 0.250000 0.250000 0.250000 
  44
0.883173 0.010334 0.046210 
0.104298 0.978886 0.462022 
0.012570 0.010755 0.491768 
0.917938 0.025804 0.025804 0.030454 
0.250000 0.250000 0.250000 0.250000 
  45
0.886096 0.010309 0.046210 
0.101334 0.978937 0.462022 
0.012570 0.010755 0.491768 
0.922245 0.025918 0.025918 0.025918 
0.250000 0.250000 0.250000 0.250000 
  46
0.880070 0.010309 0.046210 
0.107360 0.978937 0.462022 
0.012646 0.010708 0.491768 
0.918055 0.025767 0.025767 0.030410 
0.250000 0.250000 0.250000 0.250000 
  47
0.885405 0.010264 0.046210 
0.101949 0.979028 0.462022 
0.012646 0.010708 0.491768 
0.918055 0.025767 0.025767 0.030410 
0.250000 0.250000 0.250000 0.250000 
  48
0.882630 0.010264 0.046210 
0.104724 0.979028 0.462022 
0.012681 0.010686 0.491768 
0.923091 0.025637 0.025637 0.025637 
0.250000 0.250000 0.250000 0.250000 
  49
0.882809 0.010244 0.046210 
0.104509 0.979070 0.462022 
0.012710 0.010669 0.491768 
0.913226 0.030867 0.025644 0.030264 
0.250000 0.250000 0.250000 0.250000 
  50
0.884824 0.010227 0.046210 
0.102466 0.979104 0.462022 
0.012710 0.010669 0.491768 
0.025514 0.025514 0.025514 0.923459 
0.250000 0.250000 0.250000 0.250000 
  51
0.808583 0.010227 0.046210 
0.178707 0.979104 0.462022 
0.013759 0.010119 0.491768 
0.022603 0.932191 0.022603 0.022603 
0.250000 0.250000 0.250000 0.250000 
  52
0.870601 0.009700 0.046210 
0.115639 0.980181 0.462022 
0.013825 0.010090 0.491768 
0.022261 0.933216 0.022261 0.022261 
0.250000 0.250000 0.250000 0.250000 
  53
0.872227 0.009671 0.046210 
0.113949 0.980239 0.462022 
0.013859 0.010074 0.491768 
0.022093 0.933720 0.022093 0.022093 
0.250000 0.250000 0.250000 0.250000 
  54
0.871952 0.009657 0.046210 
0.114189 0.980269 0.462022 
0.013893 0.010059 0.491768 
0.022015 0.933954 0.022015 0.022015 
0.250000 0.250000 0.250000 0.250000 
  55
0.865522 0.009642 0.046210 
0.120584 0.980299 0.462022 
0.014014 0.010006 0.491768 
0.021748 0.021748 0.934755 0.021748 
0.250000 0.250000 0.250000 0.250000 
  56
0.868235 0.013670 0.046210 
0.117752 0.976324 0.462022 
0.013986 0.010018 0.491768 
0.934576 0.021808 0.021808 0.021808 
0.250000 0.250000 0.250000 0.250000 
  57
0.854040 0.009603 0.046210 
0.131974 0.980380 0.462022 
0.014260 0.009902 0.491768 
0.936300 0.021233 0.021233 0.021233 
0.250000 0.250000 0.250000 0.250000 
  58
0.865805 0.009492 0.046210 
0.119935 0.980606 0.462022 
0.014332 0.009873 0.491768 
0.936723 0.021092 0.021092 0.021092 
0.250000 0.250000 0.250000 0.250000 
  59
0.851079 0.009464 0.046210 
0.134589 0.980663 0.462022 
0.014610 0.009764 0.491768 
0.020571 0.020571 0.020571 0.938286 
0.250000 0.250000 0.250000 0.250000 
  60
0.860057 0.009360 0.046210 
0.125333 0.980876 0.462022 
0.014721 0.009723 0.491768 
0.938873 0.020376 0.020376 0.020376 
0.250000 0.250000 0.250000 0.250000 
  61
0.866602 0.009320 0.046210 
0.118677 0.980958 0.462022 
0.014721 0.009723 0.491768 
0.938873 0.020376 0.020376 0.020376 
0.250000 0.250000 0.250000 0.250000 
  62
0.847552 0.009320 0.046210 
0.137727 0.980958 0.462022 
0.015007 0.009620 0.491768 
0.019902 0.936994 0.019902 0.023202 
0.250000 0.250000 0.250000 0.250000 
  63
0.861428 0.009221 0.046210 
0.123565 0.981159 0.462022 
0.015046 0.009607 0.491768 
0.940479 0.019841 0.019841 0.019841 
0.250000 0.250000 0.250000 0.250000 
  64
0.852957 0.009208 0.046210 
0.131997 0.981185 0.462022 
0.015209 0.009551 0.491768 
0.941227 0.019591 0.019591 0.019591 
0.250000 0.250000 0.250000 0.250000 
  65
0.856358 0.009155 0.046210 
0.128433 0.981294 0.462022 
0.015298 0.009522 0.491768 
0.019537 0.019537 0.019537 0.941388 
0.250000 0.250000 0.250000 0.250000 
  66
0.858291 0.009127 0.046210 
0.126411 0.981352 0.462022 
0.015345 0.009506 0.491768 
0.019390 0.019390 0.019390 0.941829 
0.250000 0.250000 0.250000 0.250000 
  67
0.860947 0.009112 0.046210 
0.123707 0.981382 0.462022 
0.015345 0.009506 0.491768 
0.019390 0.019390 0.019390 0.941829 
0.250000 0.250000 0.250000 0.250000 
  68
0.824608 0.009112 0.046210 
0.160046 0.981382 0.462022 
0.015924 0.009328 0.491768 
0.018618 0.944145 0.018618 0.018618 
0.250000 0.250000 0.250000 0.250000 
  69
0.852805 0.008941 0.046210 
0.131271 0.981731 0.462022 
0.015970 0.009314 0.491768 
0.939346 0.023532 0.018561 0.018561 
0.250000 0.250000 0.250000 0.250000 
  70
0.855284 0.008928 0.046210 
0.128745 0.981757 0.462022 
0.015970 0.009314 0.491768 
0.018561 0.018561 0.035960 0.926917 
0.250000 0.250000 0.250000 0.250000 
  71
0.852493 0.010293 0.046210 
0.131536 0.980393 0.462022 
0.015971 0.009314 0.491768 
0.944318 0.018561 0.018561 0.018561 
0.250000 0.250000 0.250000 0.250000 
  72
0.849289 0.008928 0.046210 
0.134740 0.981758 0.462022 
0.016067 0.009287 0.491768 
0.944666 0.018445 0.018445 0.018445 
0.250000 0.250000 0.250000 0.250000 
  73
0.839033 0.008902 0.046210 
0.144900 0.981812 0.462022 
0.016318 0.009217 0.491768 
0.018155 0.945534 0.018155 0.018155 
0.250000 0.250000 0.250000 0.250000 
  74
0.852134 0.008835 0.046210 
0.131548 0.981948 0.462022 
0.016318 0.009217 0.491768 
0.018155 0.018155 0.027992 0.935697 
0.250000 0.250000 0.250000 0.250000 
  75
0.852134 0.010413 0.046210 
0.131548 0.980370 0.462022 
0.016264 0.009232 0.491768 
0.942516 0.021053 0.018216 0.018216 
0.250000 0.250000 0.250000 0.250000 
  76
0.846510 0.008849 0.046210 
0.137226 0.981919 0.462022 
0.016364 0.009205 0.491768 
0.018104 0.018104 0.945689 0.018104 
0.250000 0.250000 0.250000 0.250000 
  77
0.464385 0.008823 0.046210 
0.519250 0.981972 0.462022 
0.026710 0.007768 0.491768 
0.013053 0.013053 0.960841 0.013053 
0.250000 0.250000 0.250000 0.250000 
  78
0.724527 0.007446 0.046210 
0.248763 0.984786 0.462022 
0.027634 0.007705 0.491768 
0.961411 0.012863 0.012863 0.012863 
0.250000 0.250000 0.250000 0.250000 
  79
0.744675 0.007385 0.046210 
0.227691 0.984910 0.462022 
0.027770 0.007696 0.491768 
0.012837 0.012837 0.954740 0.019587 
0.250000 0.250000 0.250000 0.250000 
  80
0.723568 0.007377 0.046210 
0.248661 0.984928 0.462022 
0.028476 0.007651 0.491768 
0.012705 0.012705 0.012705 0.961884 
0.250000 0.250000 0.250000 0.250000 
  81
0.741960 0.007334 0.046210 
0.229564 0.985015 0.462022 
0.028476 0.007651 0.491768 
0.012705 0.012705 0.012705 0.961884 
0.250000 0.250000 0.250000 0.250000 
  82
0.736632 0.007334 0.046210 
0.234892 0.985015 0.462022 
0.028629 0.007642 0.491768 
0.959689 0.012678 0.012678 0.014955 
0.250000 0.250000 0.250000 0.250000 
  83
0.740577 0.007325 0.046210 
0.230794 0.985033 0.462022 
0.028629 0.007642 0.491768 
0.959333 0.015311 0.012678 0.012678 
0.250000 0.250000 0.250000 0.250000 
  84
0.725324 0.007325 0.046210 
0.246047 0.985033 0.462022 
0.029072 0.007615 0.491768 
0.962197 0.012601 0.012601 0.012601 
0.250000 0.250000 0.250000 0.250000 
  85
0.731549 0.007300 0.046210 
0.239379 0.985085 0.462022 
0.029219 0.007607 0.491768 
0.012576 0.012576 0.014904 0.959943 
0.250000 0.250000 0.250000 0.250000 
  86
0.735233 0.007292 0.046210 
0.235549 0.985102 0.462022 
0.029219 0.007607 0.491768 
0.012576 0.012576 0.015054 0.959793 
0.250000 0.250000 0.250000 0.250000 
  87
0.730114 0.007292 0.046210 
0.240667 0.985102 0.462022 
0.029369 0.007598 0.491768 
0.012524 0.012524 0.018317 0.956634 
0.250000 0.250000 0.250000 0.250000 
  88
0.728785 0.007283 0.046210 
0.241846 0.985118 0.462022 
0.029519 0.007590 0.491768 
0.962501 0.012500 0.012500 0.012500 
0.250000 0.250000 0.250000 0.250000 
  89
0.727340 0.007275 0.046210 
0.243141 0.985135 0.462022 
0.029672 0.007581 0.491768 
0.962575 0.012475 0.012475 0.012475 
0.250000 0.250000 0.250000 0.250000 
  90
0.725965 0.007267 0.046210 
0.244363 0.985152 0.462022 
0.029826 0.007573 0.491768 
0.012451 0.012451 0.952635 0.022463 
0.250000 0.250000 0.250000 0.250000 
  91
0.729727 0.007259 0.046210 
0.240447 0.985168 0.462022 
0.029826 0.007573 0.491768 
0.012451 0.012451 0.021522 0.953576 
0.250000 0.250000 0.250000 0.250000 
  92
0.724630 0.007259 0.046210 
0.245544 0.985168 0.462022 
0.029979 0.007564 0.491768 
0.012427 0.012427 0.962720 0.012427 
0.250000 0.250000 0.250000 0.250000 
  93
0.722862 0.007251 0.046210 
0.247159 0.985185 0.462022 
0.030144 0.007556 0.491768 
0.012401 0.012401 0.951780 0.023418 
0.250000 0.250000 0.250000 0.250000 
  94
0.726845 0.007242 0.046210 
0.243011 0.985202 0.462022 
0.030144 0.007556 0.491768 
0.012401 0.012401 0.014543 0.960654 
0.250000 0.250000 0.250000 0.250000 
  95
0.726845 0.007242 0.046210 
0.243011 0.985202 0.462022 
0.030144 0.007556 0.491768 
0.012401 0.012401 0.012401 0.962796 
0.250000 0.250000 0.250000 0.250000 
  96
0.726845 0.007242 0.046210 
0.243011 0.985202 0.462022 
0.030144 0.007556 0.491768 
0.012428 0.012428 0.012428 0.962716 
0.250000 0.250000 0.250000 0.250000 
  97
0.685098 0.007242 0.046210 
0.284758 0.985202 0.462022 
0.031457 0.007489 0.491768 
0.012212 0.963364 0.012212 0.012212 
0.250000 0.250000 0.250000 0.250000 
  98
0.714945 0.007179 0.046210 
0.253598 0.985332 0.462022 
0.031457 0.007489 0.491768 
0.012212 0.960706 0.012212 0.014870 
0.250000 0.250000 0.250000 0.250000 
  99
0.714945 0.007179 0.046210 
0.253598 0.985332 0.462022 
0.031457 0.007489 0.491768 
0.012212 0.012212 0.012212 0.963364 
0.250000 0.250000 0.250000 0.250000 
 100
0.714945 0.007179 0.046210 
0.253598 0.985332 0.462022 
0.031457 0.007489 0.491768 
0.012212 0.012212 0.012212 0.963364 
0.250000 0.250000 0.250000 0.250000 
 101
0.714945 0.007179 0.046210 
0.253598 0.985332 0.462022 
0.031457 0.007489 0.491768 
0.913235 0.014780 0.057449 0.014537 
0.250000 0.250000 0.250000 0.250000 
 102
0.714945 0.007179 0.046210 
0.253598 0.985332 0.462022 
0.031457 0.007489 0.491768 
0.015005 0.960571 0.012212 0.012212 
0.250000 0.250000 0.250000 0.250000 
 103
0.714945 0.007179 0.046210 
0.253598 0.985332 0.462022 
0.031457 0.007489 0.491768 
0.961154 0.014422 0.012212 0.012212 
0.250000 0.250000 0.250000 0.250000 
 104
0.709137 0.007179 0.046210 
0.259405 0.985332 0.462022 
0.031641 0.007480 0.491768 
0.014658 0.960967 0.012187 0.012187 
0.250000 0.250000 0.250000 0.250000 
 105
0.375854 0.007170 0.046210 
0.592505 0.985349 0.462022 
0.047755 0.007006 0.491768 
0.967279 0.010907 0.010907 0.010907 
0.250000 0.250000 0.250000 0.250000 
 106
0.567263 0.006716 0.046210 
0.384982 0.986278 0.462022 
0.047755 0.007006 0.491768 
0.010907 0.010907 0.010907 0.967279 
0.250000 0.250000 0.250000 0.250000 
 107
0.567263 0.006716 0.046210 
0.384982 0.986278 0.462022 
0.047755 0.007006 0.491768 
0.010907 0.967279 0.010907 0.010907 
0.250000 0.250000 0.250000 0.250000 
 108
0.558151 0.006716 0.046210 
0.394094 0.986278 0.462022 
0.048194 0.006998 0.491768 
0.010887 0.967340 0.010887 0.010887 
0.250000 0.250000 0.250000 0.250000 
 109
0.563284 0.006708 0.046210 
0.388522 0.986294 0.462022 
0.048194 0.006998 0.491768 
0.013131 0.965095 0.010887 0.010887 
0.250000 0.250000 0.250000 0.250000 
 110
0.563284 0.006708 0.046210 
0.388522 0.986294 0.462022 
0.048194 0.006998 0.491768 
0.010887 0.010887 0.965216 0.013011 
0.250000 0.250000 0.250000 0.250000 
 111
0.554966 0.006708 0.046210 
0.396840 0.986294 0.462022 
0.048598 0.006991 0.491768 
0.967395 0.010868 0.010868 0.010868 
0.250000 0.250000 0.250000 0.250000 
 112
0.559621 0.006701 0.046210 
0.391781 0.986308 0.462022 
0.048598 0.006991 0.491768 
0.010868 0.967395 0.010868 0.010868 
0.250000 0.250000 0.250000 0.250000 
 113
0.559621 0.006701 0.046210 
0.391781 0.986308 0.462022 
0.048598 0.006991 0.491768 
0.010889 0.010889 0.965490 0.012732 
0.250000 0.250000 0.250000 0.250000 
 114
0.559621 0.006701 0.046210 
0.391781 0.986308 0.462022 
0.048598 0.006991 0.491768 
0.965579 0.010868 0.010868 0.012684 
0.250000 0.250000 0.250000 0.250000 
 115
0.559621 0.006701 0.046210 
0.391781 0.986308 0.462022 
0.048598 0.006991 0.491768 
0.965058 0.010868 0.013206 0.010868 
0.250000 0.250000 0.250000 0.250000 
 116
0.559621 0.006701 0.046210 
0.391781 0.986308 0.462022 
0.048598 0.006991 0.491768 
0.010868 0.010868 0.962308 0.015955 
0.250000 0.250000 0.250000 0.250000 
 117
0.559621 0.006701 0.046210 
0.391781 0.986308 0.462022 
0.048598 0.006991 0.491768 
0.010868 0.010868 0.010868 0.967395 
0.250000 0.250000 0.250000 0.250000 
 118
0.559621 0.006701 0.046210 
0.391781 0.986308 0.462022 
0.048598 0.006991 0.491768 
0.010868 0.010868 0.967395 0.010868 
0.250000 0.250000 0.250000 0.250000 
 119
0.559621 0.006701 0.046210 
0.391781 0.986308 0.462022 
0.048598 0.006991 0.491768 
0.967395 0.010868 0.010868 0.010868 
0.250000 0.250000 0.250000 0.250000 
 120
0.559621 0.006701 0.046210 
0.391781 0.986308 0.462022 
0.048598 0.006991 0.491768 
0.010868 0.010868 0.010868 0.967395 
0.250000 0.250000 0.250000 0.250000 
 121
0.551282 0.006701 0.046210 
0.400120 0.986308 0.462022 
0.049007 0.006984 0.491768 
0.010870 0.010870 0.010870 0.967389 
0.250000 0.250000 0.250000 0.250000 
 122
0.555917 0.006694 0.046210 
0.395076 0.986322 0.462022 
0.049007 0.006984 0.491768 
0.020996 0.957305 0.010850 0.010850 
0.250000 0.250000 0.250000 0.250000 
 123
0.555917 0.006694 0.046210 
0.395076 0.986322 0.462022 
0.049007 0.006984 0.491768 
0.965464 0.010850 0.010850 0.012836 
0.250000 0.250000 0.250000 0.250000 
 124
0.555917 0.006694 0.046210 
0.395076 0.986322 0.462022 
0.049007 0.006984 0.491768 
0.010850 0.967450 0.010850 0.010850 
0.250000 0.250000 0.250000 0.250000 
 125
0.555917 0.006694 0.046210 
0.395076 0.986322 0.462022 
0.049007 0.006984 0.491768 
0.010850 0.010850 0.080715 0.897585 
0.250000 0.250000 0.250000 0.250000 
 126
0.555917 0.006694 0.046210 
0.395076 0.986322 0.462022 
0.049007 0.006984 0.491768 
0.965012 0.013288 0.010850 0.010850 
0.250000 0.250000 0.250000 0.250000 
 127
0.555917 0.006694 0.046210 
0.395076 0.986322 0.462022 
0.049007 0.006984 0.491768 
0.010850 0.010850 0.010850 0.967450 
0.250000 0.250000 0.250000 0.250000 
 128
0.547515 0.006694 0.046210 
0.403478 0.986322 0.462022 
0.049422 0.006977 0.491768 
0.010832 0.967505 0.010832 0.010832 
0.250000 0.250000 0.250000 0.250000 
 129
0.543428 0.006687 0.046210 
0.407149 0.986336 0.462022 
0.049857 0.006969 0.491768 
0.967561 0.010813 0.010813 0.010813 
0.250000 0.250000 0.250000 0.250000 
 130
0.548212 0.006680 0.046210 
0.401930 0.986350 0.462022 
0.049857 0.006969 0.491768 
0.010813 0.010813 0.010813 0.967561 
0.250000 0.250000 0.250000 0.250000 
 131
0.548212 0.006680 0.046210 
0.401930 0.986350 0.462022 
0.049857 0.006969 0.491768 
0.967561 0.010813 0.010813 0.010813 
0.250000 0.250000 0.250000 0.250000 
 132
0.548212 0.006680 0.046210 
0.401930 0.986350 0.462022 
0.049857 0.006969 0.491768 
0.967561 0.010813 0.010813 0.010813 
0.250000 0.250000 0.250000 0.250000 
 133
0.539772 0.006680 0.046210 
0.410371 0.986350 0.462022 
0.050282 0.006962 0.491768 
0.967614 0.010795 0.010795 0.010795 
0.250000 0.250000 0.250000 0.250000 
 134
0.544366 0.006674 0.046210 
0.405352 0.986364 0.462022 
0.050282 0.006962 0.491768 
0.967614 0.010795 0.010795 0.010795 
0.250000 0.250000 0.250000 0.250000 
 135
0.544366 0.006674 0.046210 
0.405352 0.986364 0.462022 
0.050282 0.006962 0.491768 
0.010795 0.967614 0.010795 0.010795 
0.250000 0.250000 0.250000 0.250000 
 136
0.544366 0.006674 0.046210 
0.405352 0.986364 0.462022 
0.050282 0.006962 0.491768 
0.010795 0.010795 0.010795 0.967614 
0.250000 0.250000 0.250000 0.250000 
 137
0.544366 0.006674 0.046210 
0.405352 0.986364 0.462022 
0.050282 0.006962 0.491768 
0.010795 0.010795 0.010795 0.967614 
0.250000 0.250000 0.250000 0.250000 
 138
0.544366 0.006674 0.046210 
0.405352 0.986364 0.462022 
0.050282 0.006962 0.491768 
0.967614 0.010795 0.010795 0.010795 
0.250000 0.250000 0.250000 0.250000 
 139
0.544366 0.006674 0.046210 
0.405352 0.986364 0.462022 
0.050282 0.006962 0.491768 
0.010795 0.967614 0.010795 0.010795 
0.250000 0.250000 0.250000 0.250000 
 140
0.544366 0.006674 0.046210 
0.405352 0.986364 0.462022 
0.050282 0.006962 0.491768 
0.967614 0.010795 0.010795 0.010795 
0.250000 0.250000 0.250000 0.250000 
 141
0.544366 0.006674 0.046210 
0.405352 0.986364 0.462022 
0.050282 0.006962 0.491768 
0.010795 0.010795 0.015108 0.963301 
0.250000 0.250000 0.250000 0.250000 
 142
0.544366 0.006674 0.046210 
0.405352 0.986364 0.462022 
0.050282 0.006962 0.491768 
0.010795 0.010795 0.010795 0.967614 
0.250000 0.250000 0.250000 0.250000 
 143
0.544366 0.006674 0.046210 
0.405352 0.986364 0.462022 
0.050282 0.006962 0.491768 
0.058425 0.919984 0.010795 0.010795 
0.250000 0.250000 0.250000 0.250000 
 144
0.535564 0.006674 0.046210 
0.414155 0.986364 0.462022 
0.050728 0.006955 0.491768 
0.010777 0.010777 0.967670 0.010777 
0.250000 0.250000 0.250000 0.250000 
 145
0.540320 0.006667 0.046210 
0.408952 0.986378 0.462022 
0.050728 0.006955 0.491768 
0.967670 0.010777 0.010777 0.010777 
0.250000 0.250000 0.250000 0.250000 
 146
0.540320 0.006667 0.046210 
0.408952 0.986378 0.462022 
0.050728 0.006955 0.491768 
0.967670 0.010777 0.010777 0.010777 
0.250000 0.250000 0.250000 0.250000 
 147
0.540320 0.006667 0.046210 
0.408952 0.986378 0.462022 
0.050728 0.006955 0.491768 
0.967670 0.010777 0.010777 0.010777 
0.250000 0.250000 0.250000 0.250000 
 148
0.540320 0.006667 0.046210 
0.408952 0.986378 0.462022 
0.050728 0.006955 0.491768 
0.967670 0.010777 0.010777 0.010777 
0.250000 0.250000 0.250000 0.250000 
 149
0.540320 0.006667 0.046210 
0.408952 0.986378 0.462022 
0.050728 0.006955 0.491768 
0.010777 0.010777 0.010777 0.967670 
0.250000 0.250000 0.250000 0.250000 
 150
0.540320 0.006667 0.046210 
0.408952 0.986378 0.462022 
0.050728 0.006955 0.491768 
0.010777 0.010777 0.949284 0.029162 
0.250000 0.250000 0.250000 0.250000 
 151
0.540320 0.006667 0.046210 
0.408952 0.986378 0.462022 
0.050728 0.006955 0.491768 
0.010777 0.010777 0.010777 0.967670 
0.250000 0.250000 0.250000 0.250000 
 152
0.540320 0.006667 0.046210 
0.408952 0.986378 0.462022 
0.050728 0.006955 0.491768 
0.014875 0.957155 0.010777 0.017193 
0.250000 0.250000 0.250000 0.250000 
 153
0.540320 0.006667 0.046210 
0.408952 0.986378 0.462022 
0.050728 0.006955 0.491768 
0.010777 0.010777 0.010777 0.967670 
0.250000 0.250000 0.250000 0.250000 
 154
0.432897 0.006667 0.046210 
0.516374 0.986378 0.462022 
0.056834 0.006869 0.491768 
0.010559 0.010559 0.010559 0.968322 
0.250000 0.250000 0.250000 0.250000 
 155
0.484997 0.006585 0.046210 
0.458170 0.986546 0.462022 
0.056834 0.006869 0.491768 
0.010559 0.010559 0.010559 0.968322 
0.250000 0.250000 0.250000 0.250000 
 156
0.484997 0.006585 0.046210 
0.458170 0.986546 0.462022 
0.056834 0.006869 0.491768 
0.012292 0.966590 0.010559 0.010559 
0.250000 0.250000 0.250000 0.250000 
 157
0.484997 0.006585 0.046210 
0.458170 0.986546 0.462022 
0.056834 0.006869 0.491768 
0.968322 0.010559 0.010559 0.010559 
0.250000 0.250000 0.250000 0.250000 
 158
0.484997 0.006585 0.046210 
0.458170 0.986546 0.462022 
0.056834 0.006869 0.491768 
0.010559 0.010559 0.968322 0.010559 
0.250000 0.250000 0.250000 0.250000 
 159
0.484997 0.006585 0.046210 
0.458170 0.986546 0.462022 
0.056834 0.006869 0.491768 
0.968322 0.010559 0.010559 0.010559 
0.250000 0.250000 0.250000 0.250000 
 160
0.484997 0.006585 0.046210 
0.458170 0.986546 0.462022 
0.056834 0.006869 0.491768 
0.968322 0.010559 0.010559 0.010559 
0.250000 0.250000 0.250000 0.250000 
 161
0.484997 0.006585 0.046210 
0.458170 0.986546 0.462022 
0.056834 0.006869 0.491768 
0.010559 0.010559 0.010559 0.968322 
0.250000 0.250000 0.250000 0.250000 
 162
0.484997 0.006585 0.046210 
0.458170 0.986546 0.462022 
0.056834 0.006869 0.491768 
0.010559 0.968322 0.010559 0.010559 
0.250000 0.250000 0.250000 0.250000 
 163
0.484997 0.006585 0.046210 
0.458170 0.986546 0.462022 
0.056834 0.006869 0.491768 
0.968322 0.010559 0.010559 0.010559 
0.250000 0.250000 0.250000 0.250000 
 164
0.484997 0.006585 0.046210 
0.458170 0.986546 0.462022 
0.056834 0.006869 0.491768 
0.010559 0.010559 0.010559 0.968322 
0.250000 0.250000 0.250000 0.250000 
 165
0.484997 0.006585 0.046210 
0.458170 0.986546 0.462022 
0.056834 0.006869 0.491768 
0.010559 0.968322 0.010559 0.010559 
0.250000 0.250000 0.250000 0.250000 
 166
0.484997 0.006585 0.046210 
0.458170 0.986546 0.462022 
0.056834 0.006869 0.491768 
0.968322 0.010559 0.010559 0.010559 
0.250000 0.250000 0.250000 0.250000 
 167
0.484997 0.006585 0.046210 
0.458170 0.986546 0.462022 
0.056834 0.006869 0.491768 
0.949254 0.029627 0.010559 0.010559 
0.250000 0.250000 0.250000 0.250000 
 168
0.484997 0.006585 0.046210 
0.458170 0.986546 0.462022 
0.056834 0.006869 0.491768 
0.012401 0.966480 0.010559 0.010559 
0.250000 0.250000 0.250000 0.250000 
 169
0.484997 0.006585 0.046210 
0.458170 0.986546 0.462022 
0.056834 0.006869 0.491768 
0.010559 0.010559 0.010559 0.968322 
0.250000 0.250000 0.250000 0.250000 
 170
0.484997 0.006585 0.046210 
0.458170 0.986546 0.462022 
0.056834 0.006869 0.491768 
0.966483 0.012399 0.010559 0.010559 
0.250000 0.250000 0.250000 0.250000 
 171
0.484997 0.006585 0.046210 
0.458170 0.986546 0.462022 
0.056834 0.006869 0.491768 
0.010559 0.968322 0.010559 0.010559 
0.250000 0.250000 0.250000 0.250000 
 172
0.484997 0.006585 0.046210 
0.458170 0.986546 0.462022 
0.056834 0.006869 0.491768 
0.010559 0.010559 0.968322 0.010559 
0.250000 0.250000 0.250000 0.250000 
 173
0.475040 0.006585 0.046210 
0.468127 0.986546 0.462022 
0.057405 0.006862 0.491768 
0.957541 0.019560 0.010542 0.012358 
0.250000 0.250000 0.250000 0.250000 
 174
0.479817 0.006578 0.046210 
0.462778 0.986560 0.462022 
0.057405 0.006862 0.491768 
0.010542 0.010542 0.010542 0.968375 
0.250000 0.250000 0.250000 0.250000 
 175
0.479817 0.006578 0.046210 
0.462778 0.986560 0.462022 
0.057405 0.006862 0.491768 
0.010542 0.010542 0.010542 0.968375 
0.250000 0.250000 0.250000 0.250000 
 176
0.479817 0.006578 0.046210 
0.462778 0.986560 0.462022 
0.057405 0.006862 0.491768 
0.015526 0.963390 0.010542 0.010542 
0.250000 0.250000 0.250000 0.250000 
 177
0.479817 0.006578 0.046210 
0.462778 0.986560 0.462022 
0.057405 0.006862 0.491768 
0.010542 0.010542 0.010542 0.968375 
0.250000 0.250000 0.250000 0.250000 
 178
0.479817 0.006578 0.046210 
0.462778 0.986560 0.462022 
0.057405 0.006862 0.491768 
0.010542 0.010542 0.010542 0.968375 
0.250000 0.250000 0.250000 0.250000 
 179
0.479817 0.006578 0.046210 
0.462778 0.986560 0.462022 
0.057405 0.006862 0.491768 
0.968375 0.010542 0.010542 0.010542 
0.250000 0.250000 0.250000 0.250000 
 180
0.479817 0.006578 0.046210 
0.462778 0.986560 0.462022 
0.057405 0.006862 0.491768 
0.968375 0.010542 0.010542 0.010542 
0.250000 0.250000 0.250000 0.250000 
 181
0.479817 0.006578 0.046210 
0.462778 0.986560 0.462022 
0.057405 0.006862 0.491768 
0.968375 0.010542 0.010542 0.010542 
0.250000 0.250000 0.250000 0.250000 
 182
0.479817 0.006578 0.046210 
0.462778 0.986560 0.462022 
0.057405 0.006862 0.491768 
0.968375 0.010542 0.010542 0.010542 
0.250000 0.250000 0.250000 0.250000 
 183
0.479817 0.006578 0.046210 
0.462778 0.986560 0.462022 
0.057405 0.006862 0.491768 
0.968375 0.010542 0.010542 0.010542 
0.250000 0.250000 0.250000 0.250000 
 184
0.479817 0.006578 0.046210 
0.462778 0.986560 0.462022 
0.057405 0.006862 0.491768 
0.010542 0.010542 0.010542 0.968375 
0.250000 0.250000 0.250000 0.250000 
 185
0.479817 0.006578 0.046210 
0.462778 0.986560 0.462022 
0.057405 0.006862 0.491768 
0.965553 0.013364 0.010542 0.010542 
0.250000 0.250000 0.250000 0.250000 
 186
0.479817 0.006578 0.046210 
0.462778 0.986560 0.462022 
0.057405 0.006862 0.491768 
0.968375 0.010542 0.010542 0.010542 
0.250000 0.250000 0.250000 0.250000 
 187
0.479817 0.006578 0.046210 
0.462778 0.986560 0.462022 
0.057405 0.006862 0.491768 
0.010542 0.010542 0.968375 0.010542 
0.250000 0.250000 0.250000 0.250000 
 188
0.479817 0.006578 0.046210 
0.462778 0.986560 0.462022 
0.057405 0.006862 0.491768 
0.968375 0.010542 0.010542 0.010542 
0.250000 0.250000 0.250000 0.250000 
 189
0.479817 0.006578 0.046210 
0.462778 0.986560 0.462022 
0.057405 0.006862 0.491768 
0.010542 0.010542 0.010542 0.968375 
0.250000 0.250000 0.250000 0.250000 
 190
0.479817 0.006578 0.046210 
0.462778 0.986560 0.462022 
0.057405 0.006862 0.491768 
0.010542 0.968375 0.010542 0.010542 
0.250000 0.250000 0.250000 0.250000 
 191
0.479817 0.006578 0.046210 
0.462778 0.986560 0.462022 
0.057405 0.006862 0.491768 
0.010542 0.010542 0.968375 0.010542 
0.250000 0.250000 0.250000 0.250000 
 192
0.479817 0.006578 0.046210 
0.462778 0.986560 0.462022 
0.057405 0.006862 0.491768 
0.010542 0.010542 0.010542 0.968375 
0.250000 0.250000 0.250000 0.250000 
 193
0.479817 0.006578 0.046210 
0.462778 0.986560 0.462022 
0.057405 0.006862 0.491768 
0.968375 0.010542 0.010542 0.010542 
0.250000 0.250000 0.250000 0.250000 
 194
0.479817 0.006578 0.046210 
0.462778 0.986560 0.462022 
0.057405 0.006862 0.491768 
0.010542 0.010542 0.010542 0.968375 
0.250000 0.250000 0.250000 0.250000 
 195
0.479817 0.006578 0.046210 
0.462778 0.986560 0.462022 
0.057405 0.006862 0.491768 
0.961768 0.017149 0.010542 0.010542 
0.250000 0.250000 0.250000 0.250000 
 196
0.479817 0.006578 0.046210 
0.462778 0.986560 0.462022 
0.057405 0.006862 0.491768 
0.010542 0.010542 0.968375 0.010542 
0.250000 0.250000 0.250000 0.250000 
 197
0.479817 0.006578 0.046210 
0.462778 0.986560 0.462022 
0.057405 0.006862 0.491768 
0.010559 0.010559 0.010559 0.968322 
0.250000 0.250000 0.250000 0.250000 
 198
0.479817 0.006578 0.046210 
0.462778 0.986560 0.462022 
0.057405 0.006862 0.491768 
0.010559 0.968322 0.010559 0.010559 
0.250000 0.250000 0.250000 0.250000 
 199
0.479817 0.006578 0.046210 
0.462778 0.986560 0.462022 
0.057405 0.006862 0.491768 
0.968322 0.010559 0.010559 0.010559 
0.250000 0.250000 0.250000 0.250000 
 200
0.479817 0.006578 0.046210 
0.462778 0.986560 0.462022 
0.057405 0.006862 0.491768 
0.010559 0.010559 0.961500 0.017382 
0.250000 0.250000 0.250000 0.250000 
 201
0.479817 0.006578 0.046210 
0.462778 0.986560 0.462022 
0.057405 0.006862 0.491768 
0.968322 0.010559 0.010559 0.010559 
0.250000 0.250000 0.250000 0.250000 
 202
0.479817 0.006578 0.046210 
0.462778 0.986560 0.462022 
0.057405 0.006862 0.491768 
0.968193 0.010602 0.010602 0.010602 
0.250000 0.250000 0.250000 0.250000 
 203
0.479817 0.006578 0.046210 
0.462778 0.986560 0.462022 
0.057405 0.006862 0.491768 
0.968193 0.010602 0.010602 0.010602 
0.250000 0.250000 0.250000 0.250000 
 204
0.479817 0.006578 0.046210 
0.462778 0.986560 0.462022 
0.057405 0.006862 0.491768 
0.010602 0.010602 0.010602 0.968193 
0.250000 0.250000 0.250000 0.250000 
 205
0.479817 0.006578 0.046210 
0.462778 0.986560 0.462022 
0.057405 0.006862 0.491768 
0.010620 0.010620 0.010620 0.968139 
0.250000 0.250000 0.250000 0.250000 
 206
0.479817 0.006578 0.046210 
0.462778 0.986560 0.462022 
0.057405 0.006862 0.491768 
0.966073 0.012686 0.010620 0.010620 
0.250000 0.250000 0.250000 0.250000 
 207
0.479817 0.006578 0.046210 
0.462778 0.986560 0.462022 
0.057405 0.006862 0.491768 
0.968139 0.010620 0.010620 0.010620 
0.250000 0.250000 0.250000 0.250000 
 208
0.479817 0.006578 0.046210 
0.462778 0.986560 0.462022 
0.057405 0.006862 0.491768 
0.010620 0.010620 0.010620 0.968139 
0.250000 0.250000 0.250000 0.250000 
 209
0.479817 0.006578 0.046210 
0.462778 0.986560 0.462022 
0.057405 0.006862 0.491768 
0.968139 0.010620 0.010620 0.010620 
0.250000 0.250000 0.250000 0.250000 
 210
0.479817 0.006578 0.046210 
0.462778 0.986560 0.462022 
0.057405 0.006862 0.491768 
0.010620 0.010620 0.968139 0.010620 
0.250000 0.250000 0.250000 0.250000 
 211
0.479817 0.006578 0.046210 
0.462778 0.986560 0.462022 
0.057405 0.006862 0.491768 
0.968139 0.010620 0.010620 0.010620 
0.250000 0.250000 0.250000 0.250000 
 212
0.479817 0.006578 0.046210 
0.462778 0.986560 0.462022 
0.057405 0.006862 0.491768 
0.010620 0.968139 0.010620 0.010620 
0.250000 0.250000 0.250000 0.250000 
 213
0.479817 0.006578 0.046210 
0.462778 0.986560 0.462022 
0.057405 0.006862 0.491768 
0.010620 0.010620 0.010620 0.968139 
0.250000 0.250000 0.250000 0.250000 
 214
0.479817 0.006578 0.046210 
0.462778 0.986560 0.462022 
0.057405 0.006862 0.491768 
0.010620 0.010620 0.010620 0.968139 
0.250000 0.250000 0.250000 0.250000 
 215
0.479817 0.006578 0.046210 
0.462778 0.986560 0.462022 
0.057405 0.006862 0.491768 
0.968139 0.010620 0.010620 0.010620 
0.250000 0.250000 0.250000 0.250000 
 216
0.479817 0.006578 0.046210 
0.462778 0.986560 0.462022 
0.057405 0.006862 0.491768 
0.968139 0.010620 0.010620 0.010620 
0.250000 0.250000 0.250000 0.250000 
 217
0.479817 0.006578 0.046210 
0.462778 0.986560 0.462022 
0.057405 0.006862 0.491768 
0.010620 0.010620 0.968139 0.010620 
0.250000 0.250000 0.250000 0.250000 
 218
0.479817 0.006578 0.046210 
0.462778 0.986560 0.462022 
0.057405 0.006862 0.491768 
0.010620 0.010620 0.047994 0.930765 
0.250000 0.250000 0.250000 0.250000 
 219
0.479817 0.006578 0.046210 
0.462778 0.986560 0.462022 
0.057405 0.006862 0.491768 
0.968083 0.010639 0.010639 0.010639 
0.250000 0.250000 0.250000 0.250000 
 220
0.479817 0.006578 0.046210 
0.462778 0.986560 0.462022 
0.057405 0.006862 0.491768 
0.968083 0.010639 0.010639 0.010639 
0.250000 0.250000 0.250000 0.250000 
 221
0.479817 0.006578 0.046210 
0.462778 0.986560 0.462022 
0.057405 0.006862 0.491768 
0.010639 0.010639 0.010639 0.968083 
0.250000 0.250000 0.250000 0.250000 
 222
0.479817 0.006578 0.046210 
0.462778 0.986560 0.462022 
0.057405 0.006862 0.491768 
0.012478 0.966244 0.010639 0.010639 
0.250000 0.250000 0.250000 0.250000 
 223
0.479817 0.006578 0.046210 
0.462778 0.986560 0.462022 
0.057405 0.006862 0.491768 
0.010639 0.010639 0.968083 0.010639 
0.250000 0.250000 0.250000 0.250000 
 224
0.479817 0.006578 0.046210 
0.462778 0.986560 0.462022 
0.057405 0.006862 0.491768 
0.010639 0.010639 0.010639 0.968083 
0.250000 0.250000 0.250000 0.250000 
 225
0.479817 0.006578 0.046210 
0.462778 0.986560 0.462022 
0.057405 0.006862 0.491768 
0.010639 0.010639 0.010639 0.968083 
0.250000 0.250000 0.250000 0.250000 
 226
0.479817 0.006578 0.046210 
0.462778 0.986560 0.462022 
0.057405 0.006862 0.491768 
0.010639 0.010639 0.010639 0.968083 
0.250000 0.250000 0.250000 0.250000 
 227
0.479817 0.006578 0.046210 
0.462778 0.986560 0.462022 
0.057405 0.006862 0.491768 
0.025740 0.952982 0.010639 0.010639 
0.250000 0.250000 0.250000 0.250000 
 228
0.479817 0.006578 0.046210 
0.462778 0.986560 0.462022 
0.057405 0.006862 0.491768 
0.010639 0.968083 0.010639 0.010639 
0.250000 0.250000 0.250000 0.250000 
 229
0.479817 0.006578 0.046210 
0.462778 0.986560 0.462022 
0.057405 0.006862 0.491768 
0.010639 0.010639 0.968083 0.010639 
0.250000 0.250000 0.250000 0.250000 
 230
0.479817 0.006578 0.046210 
0.462778 0.986560 0.462022 
0.057405 0.006862 0.491768 
0.010639 0.010639 0.012747 0.965975 
0.250000 0.250000 0.250000 0.250000 
 231
0.479817 0.006578 0.046210 
0.462778 0.986560 0.462022 
0.057405 0.006862 0.491768 
0.968083 0.010639 0.010639 0.010639 
0.250000 0.250000 0.250000 0.250000 
 232
0.479817 0.006578 0.046210 
0.462778 0.986560 0.462022 
0.057405 0.006862 0.491768 
0.968083 0.010639 0.010639 0.010639 
0.250000 0.250000 0.250000 0.250000 
 233
0.479817 0.006578 0.046210 
0.462778 0.986560 0.462022 
0.057405 0.006862 0.491768 
0.045736 0.932987 0.010639 0.010639 
0.250000 0.250000 0.250000 0.250000 
 234
0.479817 0.006578 0.046210 
0.462778 0.986560 0.462022 
0.057405 0.006862 0.491768 
0.010639 0.968083 0.010639 0.010639 
0.250000 0.250000 0.250000 0.250000 
 235
0.479817 0.006578 0.046210 
0.462778 0.986560 0.462022 
0.057405 0.006862 0.491768 
