%  SAM: /home/jc54391/flu-amd_LABEL/flu-amd/LABEL_RES/scripts/modelfromalign_Linux v3.5 (July 15, 2005) compiled 12/08/06_16:15:55
%  (c) 1992-2001 Regents of the University of California, Santa Cruz
%
%          Sequence Alignment and Modeling Software System
%         http://www.cse.ucsc.edu/research/compbio/sam.html
%
% ----------------- Citations (SAM, SAM-T2K, HMMs) --------------------
% R. Hughey, A. Krogh, Hidden Markov models for sequence analysis:
%  Extension and analysis of the basic method, CABIOS 12:95-107, 1996.
% K. Karplus, et al., What is the value added by human intervention in protein
%  structure prediction, Proteins: Stucture, Function, Genetics 45(S5):86--91, 2001.
% A. Krogh et al., Hidden Markov models in computational biology:
%  Applications to protein modeling, JMB 235:1501-1531, Feb 1994.
% ---------------------------------------------------------------------
%  c-B.5_hmm   Host: c1-6.compute.lan    Wed Dec 28 01:20:34 2022
%  jc54391     Dir:  /home/jc54391/flu-amd_LABEL/flu-amd/LABEL_RES/training_data/label_test/base
% ---------------------------------------------------------------------
%  Alignment weights from internal calc.  Total (20.59) Max (0.14) Min (0.04)
%  Weights from alignment method 1 (karplus), b=-1.000000, e=0.500000
MODEL --  Model from alignment file /home/jc54391/flu-amd_LABEL/flu-amd/LABEL_RES/training_data/label_test/c-B.5.fasta
alphabet DNA
FREQAVE
0.000000 0.000000 0.000000 
0.000000 0.000000 0.000000 
0.000000 0.000000 0.000000 
0.387044 0.157843 0.179261 0.275852 
0.387044 0.157843 0.179261 0.275852 
Begin
0.000000 0.000000 0.000000 
0.000000 0.000000 0.000000 
0.000000 0.007260 0.491768 
0.250000 0.250000 0.250000 0.250000 
0.250000 0.250000 0.250000 0.250000 
   1
0.000000 0.567473 0.046210 
0.000000 0.425267 0.462022 
0.009227 0.016520 0.491768 
0.290890 0.236370 0.236370 0.236370 
0.250000 0.250000 0.250000 0.250000 
   2
0.916386 0.015835 0.046210 
0.074387 0.967645 0.462022 
0.009227 0.016520 0.491768 
0.236370 0.236370 0.290890 0.236370 
0.250000 0.250000 0.250000 0.250000 
   3
0.916386 0.015835 0.046210 
0.074387 0.967645 0.462022 
0.009227 0.016520 0.491768 
0.236370 0.290890 0.236370 0.236370 
0.250000 0.250000 0.250000 0.250000 
   4
0.916386 0.015835 0.046210 
0.074387 0.967645 0.462022 
0.009227 0.016520 0.491768 
0.236370 0.290890 0.236370 0.236370 
0.250000 0.250000 0.250000 0.250000 
   5
0.914292 0.015835 0.046210 
0.076480 0.967645 0.462022 
0.009247 0.016467 0.491768 
0.225452 0.225452 0.323644 0.225452 
0.250000 0.250000 0.250000 0.250000 
   6
0.916210 0.015785 0.046210 
0.074543 0.967748 0.462022 
0.009247 0.016467 0.491768 
0.225452 0.225452 0.323644 0.225452 
0.250000 0.250000 0.250000 0.250000 
   7
0.916210 0.015785 0.046210 
0.074543 0.967748 0.462022 
0.009247 0.016467 0.491768 
0.323644 0.225452 0.225452 0.225452 
0.250000 0.250000 0.250000 0.250000 
   8
0.916210 0.015785 0.046210 
0.074543 0.967748 0.462022 
0.009247 0.016467 0.491768 
0.225452 0.323644 0.225452 0.225452 
0.250000 0.250000 0.250000 0.250000 
   9
0.916210 0.015785 0.046210 
0.074543 0.967748 0.462022 
0.009247 0.016467 0.491768 
0.225452 0.225452 0.225452 0.323644 
0.250000 0.250000 0.250000 0.250000 
  10
0.809321 0.015785 0.046210 
0.181433 0.967748 0.462022 
0.010353 0.014177 0.491768 
0.798311 0.067230 0.067230 0.067230 
0.250000 0.250000 0.250000 0.250000 
  11
0.894279 0.013589 0.046210 
0.095367 0.972234 0.462022 
0.010478 0.013983 0.491768 
0.086125 0.072897 0.768081 0.072897 
0.250000 0.250000 0.250000 0.250000 
  12
0.900951 0.013404 0.046210 
0.088571 0.972613 0.462022 
0.010521 0.013919 0.491768 
0.061478 0.804219 0.072826 0.061478 
0.250000 0.250000 0.250000 0.250000 
  13
0.902493 0.013342 0.046210 
0.086985 0.972740 0.462022 
0.010544 0.013885 0.491768 
0.060782 0.072002 0.806433 0.060782 
0.250000 0.250000 0.250000 0.250000 
  14
0.904454 0.013309 0.046210 
0.085002 0.972806 0.462022 
0.010544 0.013885 0.491768 
0.060782 0.806433 0.072002 0.060782 
0.250000 0.250000 0.250000 0.250000 
  15
0.895497 0.013309 0.046210 
0.093959 0.972806 0.462022 
0.010639 0.013747 0.491768 
0.815056 0.068795 0.058075 0.058075 
0.250000 0.250000 0.250000 0.250000 
  16
0.903590 0.013177 0.046210 
0.085770 0.973076 0.462022 
0.010639 0.013747 0.491768 
0.793097 0.058075 0.058075 0.090754 
0.250000 0.250000 0.250000 0.250000 
  17
0.903590 0.013177 0.046210 
0.085770 0.973076 0.462022 
0.010639 0.013747 0.491768 
0.793097 0.058075 0.090754 0.058075 
0.250000 0.250000 0.250000 0.250000 
  18
0.901582 0.013177 0.046210 
0.087779 0.973076 0.462022 
0.010661 0.013717 0.491768 
0.795125 0.089864 0.057505 0.057505 
0.250000 0.250000 0.250000 0.250000 
  19
0.903396 0.013148 0.046210 
0.085943 0.973135 0.462022 
0.010661 0.013717 0.491768 
0.827484 0.057505 0.057505 0.057505 
0.250000 0.250000 0.250000 0.250000 
  20
0.903396 0.013148 0.046210 
0.085943 0.973135 0.462022 
0.010661 0.013717 0.491768 
0.795125 0.057505 0.089864 0.057505 
0.250000 0.250000 0.250000 0.250000 
  21
0.903396 0.013148 0.046210 
0.085943 0.973135 0.462022 
0.010661 0.013717 0.491768 
0.089864 0.057505 0.057505 0.795125 
0.250000 0.250000 0.250000 0.250000 
  22
0.903396 0.013148 0.046210 
0.085943 0.973135 0.462022 
0.010661 0.013717 0.491768 
0.057505 0.795125 0.057505 0.089864 
0.250000 0.250000 0.250000 0.250000 
  23
0.903396 0.013148 0.046210 
0.085943 0.973135 0.462022 
0.010661 0.013717 0.491768 
0.057505 0.057505 0.795125 0.089864 
0.250000 0.250000 0.250000 0.250000 
  24
0.900806 0.013148 0.046210 
0.088533 0.973135 0.462022 
0.010688 0.013678 0.491768 
0.056789 0.829634 0.056789 0.056789 
0.250000 0.250000 0.250000 0.250000 
  25
0.903146 0.013111 0.046210 
0.086166 0.973210 0.462022 
0.010688 0.013678 0.491768 
0.056789 0.056789 0.056789 0.829634 
0.250000 0.250000 0.250000 0.250000 
  26
0.900477 0.013111 0.046210 
0.088834 0.973210 0.462022 
0.010717 0.013639 0.491768 
0.800236 0.087623 0.056071 0.056071 
0.250000 0.250000 0.250000 0.250000 
  27
0.902886 0.013073 0.046210 
0.086397 0.973288 0.462022 
0.010717 0.013639 0.491768 
0.056071 0.056071 0.800236 0.087623 
0.250000 0.250000 0.250000 0.250000 
  28
0.902886 0.013073 0.046210 
0.086397 0.973288 0.462022 
0.010717 0.013639 0.491768 
0.058449 0.058449 0.058449 0.824653 
0.250000 0.250000 0.250000 0.250000 
  29
0.902886 0.013073 0.046210 
0.086397 0.973288 0.462022 
0.010717 0.013639 0.491768 
0.800236 0.056071 0.056071 0.087623 
0.250000 0.250000 0.250000 0.250000 
  30
0.900614 0.013073 0.046210 
0.088669 0.973288 0.462022 
0.010741 0.013605 0.491768 
0.066097 0.055475 0.822952 0.055475 
0.250000 0.250000 0.250000 0.250000 
  31
0.765274 0.013041 0.046210 
0.223984 0.973353 0.462022 
0.012452 0.011854 0.491768 
0.892094 0.033811 0.040284 0.033811 
0.250000 0.250000 0.250000 0.250000 
  32
0.876640 0.011363 0.046210 
0.110907 0.976783 0.462022 
0.012585 0.011754 0.491768 
0.894808 0.039271 0.032960 0.032960 
0.250000 0.250000 0.250000 0.250000 
  33
0.871433 0.011267 0.046210 
0.115983 0.976978 0.462022 
0.012770 0.011620 0.491768 
0.904404 0.031865 0.031865 0.031865 
0.250000 0.250000 0.250000 0.250000 
  34
0.881875 0.011139 0.046210 
0.105355 0.977241 0.462022 
0.012801 0.011599 0.491768 
0.049528 0.031693 0.881017 0.037762 
0.250000 0.250000 0.250000 0.250000 
  35
0.782340 0.011118 0.046210 
0.204858 0.977283 0.462022 
0.014250 0.010758 0.491768 
0.025824 0.025824 0.025824 0.922528 
0.250000 0.250000 0.250000 0.250000 
  36
0.870875 0.010312 0.046210 
0.114875 0.978930 0.462022 
0.014250 0.010758 0.491768 
0.025824 0.025824 0.025824 0.922528 
0.250000 0.250000 0.250000 0.250000 
  37
0.870875 0.010312 0.046210 
0.114875 0.978930 0.462022 
0.014250 0.010758 0.491768 
0.025824 0.922528 0.025824 0.025824 
0.250000 0.250000 0.250000 0.250000 
  38
0.870875 0.010312 0.046210 
0.114875 0.978930 0.462022 
0.014250 0.010758 0.491768 
0.025824 0.025824 0.922528 0.025824 
0.250000 0.250000 0.250000 0.250000 
  39
0.853056 0.010312 0.046210 
0.132694 0.978930 0.462022 
0.014508 0.010636 0.491768 
0.924723 0.025092 0.025092 0.025092 
0.250000 0.250000 0.250000 0.250000 
  40
0.868532 0.010196 0.046210 
0.116959 0.979168 0.462022 
0.014508 0.010636 0.491768 
0.025092 0.025092 0.910604 0.039212 
0.250000 0.250000 0.250000 0.250000 
  41
0.865321 0.010196 0.046210 
0.120171 0.979168 0.462022 
0.014555 0.010615 0.491768 
0.919972 0.024967 0.030094 0.024967 
0.250000 0.250000 0.250000 0.250000 
  42
0.868109 0.364291 0.046210 
0.117336 0.625093 0.462022 
0.009259 0.016435 0.491768 
0.342497 0.219168 0.219168 0.219168 
0.250000 0.250000 0.250000 0.250000 
  43
0.916101 0.015754 0.046210 
0.074640 0.967811 0.462022 
0.009259 0.016435 0.491768 
0.219168 0.342497 0.219168 0.219168 
0.250000 0.250000 0.250000 0.250000 
  44
0.916101 0.015754 0.046210 
0.074640 0.967811 0.462022 
0.009259 0.016435 0.491768 
0.219168 0.219168 0.219168 0.342497 
0.250000 0.250000 0.250000 0.250000 
  45
0.916101 0.015754 0.046210 
0.074640 0.967811 0.462022 
0.009259 0.016435 0.491768 
0.219168 0.219168 0.219168 0.342497 
0.250000 0.250000 0.250000 0.250000 
  46
0.916101 0.015754 0.046210 
0.074640 0.967811 0.462022 
0.009259 0.016435 0.491768 
0.219168 0.219168 0.219168 0.342497 
0.250000 0.250000 0.250000 0.250000 
  47
0.916101 0.015754 0.046210 
0.074640 0.967811 0.462022 
0.009259 0.016435 0.491768 
0.219168 0.219168 0.219168 0.342497 
0.250000 0.250000 0.250000 0.250000 
  48
0.916101 0.015754 0.046210 
0.074640 0.967811 0.462022 
0.009259 0.016435 0.491768 
0.219168 0.342497 0.219168 0.219168 
0.250000 0.250000 0.250000 0.250000 
  49
0.916101 0.015754 0.046210 
0.074640 0.967811 0.462022 
0.009259 0.016435 0.491768 
0.219168 0.342497 0.219168 0.219168 
0.250000 0.250000 0.250000 0.250000 
  50
0.916101 0.015754 0.046210 
0.074640 0.967811 0.462022 
0.009259 0.016435 0.491768 
0.219168 0.219168 0.219168 0.342497 
0.250000 0.250000 0.250000 0.250000 
  51
0.916101 0.015754 0.046210 
0.074640 0.967811 0.462022 
0.009259 0.016435 0.491768 
0.219168 0.219168 0.342497 0.219168 
0.250000 0.250000 0.250000 0.250000 
  52
0.916101 0.015754 0.046210 
0.074640 0.967811 0.462022 
0.009259 0.016435 0.491768 
0.219168 0.219168 0.219168 0.342497 
0.250000 0.250000 0.250000 0.250000 
  53
0.916101 0.015754 0.046210 
0.074640 0.967811 0.462022 
0.009259 0.016435 0.491768 
0.219168 0.219168 0.219168 0.342497 
0.250000 0.250000 0.250000 0.250000 
  54
0.916101 0.015754 0.046210 
0.074640 0.967811 0.462022 
0.009259 0.016435 0.491768 
0.342497 0.219168 0.219168 0.219168 
0.250000 0.250000 0.250000 0.250000 
  55
0.916101 0.015754 0.046210 
0.074640 0.967811 0.462022 
0.009259 0.016435 0.491768 
0.219168 0.342497 0.219168 0.219168 
0.250000 0.250000 0.250000 0.250000 
  56
0.916101 0.015754 0.046210 
0.074640 0.967811 0.462022 
0.009259 0.016435 0.491768 
0.219168 0.219168 0.342497 0.219168 
0.250000 0.250000 0.250000 0.250000 
  57
0.916101 0.015754 0.046210 
0.074640 0.967811 0.462022 
0.009259 0.016435 0.491768 
0.219168 0.219168 0.219168 0.342497 
0.250000 0.250000 0.250000 0.250000 
  58
0.916101 0.015754 0.046210 
0.074640 0.967811 0.462022 
0.009259 0.016435 0.491768 
0.219168 0.219168 0.219168 0.342497 
0.250000 0.250000 0.250000 0.250000 
  59
0.916101 0.015754 0.046210 
0.074640 0.967811 0.462022 
0.009259 0.016435 0.491768 
0.219168 0.342497 0.219168 0.219168 
0.250000 0.250000 0.250000 0.250000 
  60
0.916101 0.015754 0.046210 
0.074640 0.967811 0.462022 
0.009259 0.016435 0.491768 
0.342497 0.219168 0.219168 0.219168 
0.250000 0.250000 0.250000 0.250000 
  61
0.916101 0.015754 0.046210 
0.074640 0.967811 0.462022 
0.009259 0.016435 0.491768 
0.219168 0.219168 0.219168 0.342497 
0.250000 0.250000 0.250000 0.250000 
  62
0.916101 0.015754 0.046210 
0.074640 0.967811 0.462022 
0.009259 0.016435 0.491768 
0.219168 0.342497 0.219168 0.219168 
0.250000 0.250000 0.250000 0.250000 
  63
0.916101 0.015754 0.046210 
0.074640 0.967811 0.462022 
0.009259 0.016435 0.491768 
0.219168 0.219168 0.219168 0.342497 
0.250000 0.250000 0.250000 0.250000 
  64
0.916101 0.015754 0.046210 
0.074640 0.967811 0.462022 
0.009259 0.016435 0.491768 
0.219168 0.219168 0.342497 0.219168 
0.250000 0.250000 0.250000 0.250000 
  65
0.916101 0.015754 0.046210 
0.074640 0.967811 0.462022 
0.009259 0.016435 0.491768 
0.342497 0.219168 0.219168 0.219168 
0.250000 0.250000 0.250000 0.250000 
  66
0.916101 0.015754 0.046210 
0.074640 0.967811 0.462022 
0.009259 0.016435 0.491768 
0.219168 0.342497 0.219168 0.219168 
0.250000 0.250000 0.250000 0.250000 
  67
0.916101 0.015754 0.046210 
0.074640 0.967811 0.462022 
0.009259 0.016435 0.491768 
0.219168 0.219168 0.219168 0.342497 
0.250000 0.250000 0.250000 0.250000 
  68
0.916101 0.015754 0.046210 
0.074640 0.967811 0.462022 
0.009259 0.016435 0.491768 
0.219168 0.219168 0.219168 0.342497 
0.250000 0.250000 0.250000 0.250000 
  69
0.916101 0.015754 0.046210 
0.074640 0.967811 0.462022 
0.009259 0.016435 0.491768 
0.219168 0.342497 0.219168 0.219168 
0.250000 0.250000 0.250000 0.250000 
  70
0.916101 0.015754 0.046210 
0.074640 0.967811 0.462022 
0.009259 0.016435 0.491768 
0.219168 0.219168 0.219168 0.342497 
0.250000 0.250000 0.250000 0.250000 
  71
0.916101 0.015754 0.046210 
0.074640 0.967811 0.462022 
0.009259 0.016435 0.491768 
0.219168 0.342497 0.219168 0.219168 
0.250000 0.250000 0.250000 0.250000 
  72
0.916101 0.015754 0.046210 
0.074640 0.967811 0.462022 
0.009259 0.016435 0.491768 
0.219168 0.342497 0.219168 0.219168 
0.250000 0.250000 0.250000 0.250000 
  73
0.916101 0.015754 0.046210 
0.074640 0.967811 0.462022 
0.009259 0.016435 0.491768 
0.342497 0.219168 0.219168 0.219168 
0.250000 0.250000 0.250000 0.250000 
  74
0.916101 0.015754 0.046210 
0.074640 0.967811 0.462022 
0.009259 0.016435 0.491768 
0.342497 0.219168 0.219168 0.219168 
0.250000 0.250000 0.250000 0.250000 
  75
0.916101 0.015754 0.046210 
0.074640 0.967811 0.462022 
0.009259 0.016435 0.491768 
0.219168 0.219168 0.342497 0.219168 
0.250000 0.250000 0.250000 0.250000 
  76
0.916101 0.015754 0.046210 
0.074640 0.967811 0.462022 
0.009259 0.016435 0.491768 
0.342497 0.219168 0.219168 0.219168 
0.250000 0.250000 0.250000 0.250000 
  77
0.916101 0.015754 0.046210 
0.074640 0.967811 0.462022 
0.009259 0.016435 0.491768 
0.342497 0.219168 0.219168 0.219168 
0.250000 0.250000 0.250000 0.250000 
  78
0.916101 0.015754 0.046210 
0.074640 0.967811 0.462022 
0.009259 0.016435 0.491768 
0.219168 0.219168 0.219168 0.342497 
0.250000 0.250000 0.250000 0.250000 
  79
0.916101 0.015754 0.046210 
0.074640 0.967811 0.462022 
0.009259 0.016435 0.491768 
0.219168 0.219168 0.219168 0.342497 
0.250000 0.250000 0.250000 0.250000 
  80
0.916101 0.015754 0.046210 
0.074640 0.967811 0.462022 
0.009259 0.016435 0.491768 
0.219168 0.219168 0.342497 0.219168 
0.250000 0.250000 0.250000 0.250000 
  81
0.916101 0.015754 0.046210 
0.074640 0.967811 0.462022 
0.009259 0.016435 0.491768 
0.342497 0.219168 0.219168 0.219168 
0.250000 0.250000 0.250000 0.250000 
  82
0.916101 0.015754 0.046210 
0.074640 0.967811 0.462022 
0.009259 0.016435 0.491768 
0.219168 0.219168 0.342497 0.219168 
0.250000 0.250000 0.250000 0.250000 
  83
0.916101 0.015754 0.046210 
0.074640 0.967811 0.462022 
0.009259 0.016435 0.491768 
0.342497 0.219168 0.219168 0.219168 
0.250000 0.250000 0.250000 0.250000 
  84
0.916101 0.015754 0.046210 
0.074640 0.967811 0.462022 
0.009259 0.016435 0.491768 
0.219168 0.219168 0.219168 0.342497 
0.250000 0.250000 0.250000 0.250000 
  85
0.916101 0.015754 0.046210 
0.074640 0.967811 0.462022 
0.009259 0.016435 0.491768 
0.219168 0.219168 0.342497 0.219168 
0.250000 0.250000 0.250000 0.250000 
  86
0.916101 0.015754 0.046210 
0.074640 0.967811 0.462022 
0.009259 0.016435 0.491768 
0.342497 0.219168 0.219168 0.219168 
0.250000 0.250000 0.250000 0.250000 
  87
0.916101 0.015754 0.046210 
0.074640 0.967811 0.462022 
0.009259 0.016435 0.491768 
0.342497 0.219168 0.219168 0.219168 
0.250000 0.250000 0.250000 0.250000 
  88
0.916101 0.015754 0.046210 
0.074640 0.967811 0.462022 
0.009259 0.016435 0.491768 
0.219168 0.342497 0.219168 0.219168 
0.250000 0.250000 0.250000 0.250000 
  89
0.916101 0.015754 0.046210 
0.074640 0.967811 0.462022 
0.009259 0.016435 0.491768 
0.219168 0.219168 0.342497 0.219168 
0.250000 0.250000 0.250000 0.250000 
  90
0.916101 0.015754 0.046210 
0.074640 0.967811 0.462022 
0.009259 0.016435 0.491768 
0.219168 0.219168 0.219168 0.342497 
0.250000 0.250000 0.250000 0.250000 
  91
0.916101 0.015754 0.046210 
0.074640 0.967811 0.462022 
0.009259 0.016435 0.491768 
0.342497 0.219168 0.219168 0.219168 
0.250000 0.250000 0.250000 0.250000 
  92
0.916101 0.015754 0.046210 
0.074640 0.967811 0.462022 
0.009259 0.016435 0.491768 
0.342497 0.219168 0.219168 0.219168 
0.250000 0.250000 0.250000 0.250000 
  93
0.916101 0.015754 0.046210 
0.074640 0.967811 0.462022 
0.009259 0.016435 0.491768 
0.219168 0.342497 0.219168 0.219168 
0.250000 0.250000 0.250000 0.250000 
  94
0.916101 0.015754 0.046210 
0.074640 0.967811 0.462022 
0.009259 0.016435 0.491768 
0.342497 0.219168 0.219168 0.219168 
0.250000 0.250000 0.250000 0.250000 
  95
0.916101 0.015754 0.046210 
0.074640 0.967811 0.462022 
0.009259 0.016435 0.491768 
0.219168 0.219168 0.342497 0.219168 
0.250000 0.250000 0.250000 0.250000 
  96
0.916101 0.015754 0.046210 
0.074640 0.967811 0.462022 
0.009259 0.016435 0.491768 
0.219168 0.219168 0.342497 0.219168 
0.250000 0.250000 0.250000 0.250000 
  97
0.916101 0.015754 0.046210 
0.074640 0.967811 0.462022 
0.009259 0.016435 0.491768 
0.342497 0.219168 0.219168 0.219168 
0.250000 0.250000 0.250000 0.250000 
  98
0.916101 0.015754 0.046210 
0.074640 0.967811 0.462022 
0.009259 0.016435 0.491768 
0.342497 0.219168 0.219168 0.219168 
0.250000 0.250000 0.250000 0.250000 
  99
0.916101 0.015754 0.046210 
0.074640 0.967811 0.462022 
0.009259 0.016435 0.491768 
0.342497 0.219168 0.219168 0.219168 
0.250000 0.250000 0.250000 0.250000 
 100
0.916101 0.015754 0.046210 
0.074640 0.967811 0.462022 
0.009259 0.016435 0.491768 
0.342497 0.219168 0.219168 0.219168 
0.250000 0.250000 0.250000 0.250000 
 101
0.550187 0.015754 0.046210 
0.440554 0.967811 0.462022 
0.014602 0.010594 0.491768 
0.024844 0.024844 0.918810 0.031502 
0.250000 0.250000 0.250000 0.250000 
 102
0.867685 0.010155 0.046210 
0.117713 0.979251 0.462022 
0.014602 0.010594 0.491768 
0.024844 0.024844 0.024844 0.925469 
0.250000 0.250000 0.250000 0.250000 
 103
0.867685 0.010155 0.046210 
0.117713 0.979251 0.462022 
0.014602 0.010594 0.491768 
0.024844 0.024844 0.901605 0.048707 
0.250000 0.250000 0.250000 0.250000 
 104
0.867685 0.024045 0.046210 
0.117713 0.965361 0.462022 
0.014280 0.010743 0.491768 
0.045362 0.903166 0.025736 0.025736 
0.250000 0.250000 0.250000 0.250000 
 105
0.848547 0.339181 0.046210 
0.137173 0.650076 0.462022 
0.009565 0.015679 0.491768 
0.401368 0.338340 0.130146 0.130146 
0.250000 0.250000 0.250000 0.250000 
 106
0.568375 0.015029 0.046210 
0.422061 0.969292 0.462022 
0.014602 0.010594 0.491768 
0.897644 0.038688 0.024844 0.038824 
0.250000 0.250000 0.250000 0.250000 
 107
0.867685 0.369256 0.046210 
0.117713 0.620149 0.462022 
0.009224 0.016530 0.491768 
0.284069 0.238644 0.238644 0.238644 
0.250000 0.250000 0.250000 0.250000 
 108
0.544361 0.015845 0.046210 
0.446416 0.967625 0.462022 
0.014688 0.010556 0.491768 
0.912285 0.038474 0.024620 0.024620 
0.250000 0.250000 0.250000 0.250000 
 109
0.863897 0.010118 0.046210 
0.121415 0.979326 0.462022 
0.014733 0.010536 0.491768 
0.925773 0.024742 0.024742 0.024742 
0.250000 0.250000 0.250000 0.250000 
 110
0.863158 0.010100 0.046210 
0.122109 0.979364 0.462022 
0.014782 0.010515 0.491768 
0.926147 0.024618 0.024618 0.024618 
0.250000 0.250000 0.250000 0.250000 
 111
0.866051 0.370281 0.046210 
0.119167 0.619203 0.462022 
0.009259 0.016435 0.491768 
0.219168 0.219168 0.219168 0.342497 
0.250000 0.250000 0.250000 0.250000 
 112
0.916101 0.015754 0.046210 
0.074640 0.967811 0.462022 
0.009259 0.016435 0.491768 
0.219168 0.219168 0.219168 0.342497 
0.250000 0.250000 0.250000 0.250000 
 113
0.916101 0.015754 0.046210 
0.074640 0.967811 0.462022 
0.009259 0.016435 0.491768 
0.219168 0.219168 0.219168 0.342497 
0.250000 0.250000 0.250000 0.250000 
 114
0.916101 0.015754 0.046210 
0.074640 0.967811 0.462022 
0.009259 0.016435 0.491768 
0.219168 0.219168 0.219168 0.342497 
0.250000 0.250000 0.250000 0.250000 
 115
0.542448 0.015754 0.046210 
0.448293 0.967811 0.462022 
0.014782 0.010515 0.491768 
0.911890 0.038648 0.024731 0.024731 
0.250000 0.250000 0.250000 0.250000 
 116
0.828995 0.010079 0.046210 
0.156223 0.979406 0.462022 
0.015351 0.010285 0.491768 
0.930668 0.023111 0.023111 0.023111 
0.250000 0.250000 0.250000 0.250000 
 117
0.857881 0.009859 0.046210 
0.126768 0.979856 0.462022 
0.015397 0.010267 0.491768 
0.924441 0.029115 0.023222 0.023222 
0.250000 0.250000 0.250000 0.250000 
 118
0.765985 0.009842 0.046210 
0.218618 0.979891 0.462022 
0.017004 0.009746 0.491768 
0.020492 0.020492 0.020492 0.938525 
0.250000 0.250000 0.250000 0.250000 
 119
0.816080 0.009342 0.046210 
0.166916 0.980912 0.462022 
0.017527 0.009607 0.491768 
0.019773 0.940680 0.019773 0.019773 
0.250000 0.250000 0.250000 0.250000 
 120
0.834562 0.009209 0.046210 
0.147911 0.981185 0.462022 
0.017644 0.009577 0.491768 
0.019641 0.941078 0.019641 0.019641 
0.250000 0.250000 0.250000 0.250000 
 121
0.840120 0.009180 0.046210 
0.142237 0.981243 0.462022 
0.017644 0.009577 0.491768 
0.019641 0.941078 0.019641 0.019641 
0.250000 0.250000 0.250000 0.250000 
 122
0.840120 0.009180 0.046210 
0.142237 0.981243 0.462022 
0.017644 0.009577 0.491768 
0.019641 0.941078 0.019641 0.019641 
0.250000 0.250000 0.250000 0.250000 
 123
0.840120 0.009180 0.046210 
0.142237 0.981243 0.462022 
0.017644 0.009577 0.491768 
0.019641 0.023379 0.937339 0.019641 
0.250000 0.250000 0.250000 0.250000 
 124
0.840120 0.009180 0.046210 
0.142237 0.981243 0.462022 
0.017644 0.009577 0.491768 
0.937339 0.019641 0.023379 0.019641 
0.250000 0.250000 0.250000 0.250000 
 125
0.840120 0.009180 0.046210 
0.142237 0.981243 0.462022 
0.017644 0.009577 0.491768 
0.941078 0.019641 0.019641 0.019641 
0.250000 0.250000 0.250000 0.250000 
 126
0.840120 0.429672 0.046210 
0.142237 0.560751 0.462022 
0.009225 0.016526 0.491768 
0.237829 0.286512 0.237829 0.237829 
0.250000 0.250000 0.250000 0.250000 
 127
0.434705 0.015842 0.046210 
0.556070 0.967632 0.462022 
0.017798 0.009539 0.491768 
0.937727 0.019471 0.023331 0.019471 
0.250000 0.250000 0.250000 0.250000 
 128
0.838718 0.009144 0.046210 
0.143484 0.981317 0.462022 
0.017798 0.009539 0.491768 
0.019471 0.019471 0.019471 0.941588 
0.250000 0.250000 0.250000 0.250000 
 129
0.829991 0.009144 0.046210 
0.152211 0.981317 0.462022 
0.017955 0.009501 0.491768 
0.938260 0.019304 0.019304 0.023132 
0.250000 0.250000 0.250000 0.250000 
 130
0.837298 0.009108 0.046210 
0.144747 0.981391 0.462022 
0.017955 0.009501 0.491768 
0.942087 0.019304 0.019304 0.019304 
0.250000 0.250000 0.250000 0.250000 
 131
0.833111 0.009108 0.046210 
0.148934 0.981391 0.462022 
0.018031 0.009483 0.491768 
0.019226 0.942322 0.019226 0.019226 
0.250000 0.250000 0.250000 0.250000 
 132
0.836614 0.009090 0.046210 
0.145355 0.981426 0.462022 
0.018031 0.009483 0.491768 
0.942322 0.019226 0.019226 0.019226 
0.250000 0.250000 0.250000 0.250000 
 133
0.836614 0.009090 0.046210 
0.145355 0.981426 0.462022 
0.018031 0.009483 0.491768 
0.942322 0.019226 0.019226 0.019226 
0.250000 0.250000 0.250000 0.250000 
 134
0.836614 0.009090 0.046210 
0.145355 0.981426 0.462022 
0.018031 0.009483 0.491768 
0.019320 0.019320 0.294886 0.666473 
0.250000 0.250000 0.250000 0.250000 
 135
0.836614 0.009090 0.046210 
0.145355 0.981426 0.462022 
0.018031 0.009483 0.491768 
0.019226 0.019226 0.019226 0.942322 
0.250000 0.250000 0.250000 0.250000 
 136
0.833160 0.009090 0.046210 
0.148809 0.981426 0.462022 
0.018093 0.009469 0.491768 
0.019162 0.019162 0.019162 0.942513 
0.250000 0.250000 0.250000 0.250000 
 137
0.829025 0.009076 0.046210 
0.152882 0.981455 0.462022 
0.018221 0.009439 0.491768 
0.019035 0.942896 0.019035 0.019035 
0.250000 0.250000 0.250000 0.250000 
 138
0.831421 0.009048 0.046210 
0.150358 0.981512 0.462022 
0.018284 0.009425 0.491768 
0.943083 0.018972 0.018972 0.018972 
0.250000 0.250000 0.250000 0.250000 
 139
0.830665 0.009034 0.046210 
0.151050 0.981541 0.462022 
0.018351 0.009410 0.491768 
0.018908 0.018908 0.018908 0.943276 
0.250000 0.250000 0.250000 0.250000 
 140
0.833707 0.009020 0.046210 
0.147942 0.981570 0.462022 
0.018351 0.009410 0.491768 
0.943276 0.018908 0.018908 0.018908 
0.250000 0.250000 0.250000 0.250000 
 141
0.833707 0.009020 0.046210 
0.147942 0.981570 0.462022 
0.018351 0.009410 0.491768 
0.943276 0.018908 0.018908 0.018908 
0.250000 0.250000 0.250000 0.250000 
 142
0.829526 0.009020 0.046210 
0.152123 0.981570 0.462022 
0.018428 0.009393 0.491768 
0.018835 0.943496 0.018835 0.018835 
0.250000 0.250000 0.250000 0.250000 
 143
0.833009 0.009004 0.046210 
0.148563 0.981604 0.462022 
0.018428 0.009393 0.491768 
0.018835 0.018835 0.018835 0.943496 
0.250000 0.250000 0.250000 0.250000 
 144
0.833009 0.009004 0.046210 
0.148563 0.981604 0.462022 
0.018428 0.009393 0.491768 
0.044703 0.917628 0.018835 0.018835 
0.250000 0.250000 0.250000 0.250000 
 145
0.828303 0.009004 0.046210 
0.153269 0.981604 0.462022 
0.018516 0.009374 0.491768 
0.018753 0.018753 0.939907 0.022586 
0.250000 0.250000 0.250000 0.250000 
 146
0.478681 0.008985 0.046210 
0.502804 0.981641 0.462022 
0.028641 0.008138 0.491768 
0.014171 0.014171 0.014171 0.957487 
0.250000 0.250000 0.250000 0.250000 
 147
0.732181 0.007800 0.046210 
0.239178 0.984062 0.462022 
0.028881 0.008121 0.491768 
0.957644 0.014119 0.014119 0.014119 
0.250000 0.250000 0.250000 0.250000 
 148
0.738295 0.007785 0.046210 
0.232824 0.984094 0.462022 
0.028881 0.008121 0.491768 
0.017167 0.014119 0.017522 0.951192 
0.250000 0.250000 0.250000 0.250000 
 149
0.738295 0.007785 0.046210 
0.232824 0.984094 0.462022 
0.028881 0.008121 0.491768 
0.014157 0.014157 0.014157 0.957529 
0.250000 0.250000 0.250000 0.250000 
 150
0.738295 0.007785 0.046210 
0.232824 0.984094 0.462022 
0.028881 0.008121 0.491768 
0.016862 0.014119 0.016749 0.952270 
0.250000 0.250000 0.250000 0.250000 
 151
0.738295 0.007785 0.046210 
0.232824 0.984094 0.462022 
0.028881 0.008121 0.491768 
0.951331 0.020355 0.014157 0.014157 
0.250000 0.250000 0.250000 0.250000 
 152
0.727403 0.007785 0.046210 
0.243716 0.984094 0.462022 
0.029199 0.008100 0.491768 
0.950810 0.016838 0.014171 0.018181 
0.250000 0.250000 0.250000 0.250000 
 153
0.735413 0.007765 0.046210 
0.235388 0.984135 0.462022 
0.029199 0.008100 0.491768 
0.014169 0.953484 0.014169 0.018178 
0.250000 0.250000 0.250000 0.250000 
 154
0.735413 0.007765 0.046210 
0.235388 0.984135 0.462022 
0.029199 0.008100 0.491768 
0.014209 0.014209 0.014209 0.957373 
0.250000 0.250000 0.250000 0.250000 
 155
0.735413 0.007765 0.046210 
0.235388 0.984135 0.462022 
0.029199 0.008100 0.491768 
0.014169 0.014169 0.953538 0.018124 
0.250000 0.250000 0.250000 0.250000 
 156
0.735413 0.007765 0.046210 
0.235388 0.984135 0.462022 
0.029199 0.008100 0.491768 
0.014169 0.017943 0.019956 0.947932 
0.250000 0.250000 0.250000 0.250000 
 157
0.735413 0.007765 0.046210 
0.235388 0.984135 0.462022 
0.029199 0.008100 0.491768 
0.941982 0.025672 0.018178 0.014169 
0.250000 0.250000 0.250000 0.250000 
 158
0.735413 0.007765 0.046210 
0.235388 0.984135 0.462022 
0.029199 0.008100 0.491768 
0.947282 0.024381 0.014169 0.014169 
0.250000 0.250000 0.250000 0.250000 
 159
0.735413 0.007765 0.046210 
0.235388 0.984135 0.462022 
0.029199 0.008100 0.491768 
0.014130 0.014130 0.853769 0.117970 
0.250000 0.250000 0.250000 0.250000 
 160
0.735413 0.007765 0.046210 
0.235388 0.984135 0.462022 
0.029199 0.008100 0.491768 
0.016781 0.014088 0.946281 0.022850 
0.250000 0.250000 0.250000 0.250000 
 161
0.729881 0.007765 0.046210 
0.240920 0.984135 0.462022 
0.029361 0.008090 0.491768 
0.014096 0.014096 0.019704 0.952103 
0.250000 0.250000 0.250000 0.250000 
 162
0.733942 0.007754 0.046210 
0.236697 0.984156 0.462022 
0.029361 0.008090 0.491768 
0.016883 0.014017 0.016628 0.952471 
0.250000 0.250000 0.250000 0.250000 
 163
0.733942 0.007754 0.046210 
0.236697 0.984156 0.462022 
0.029361 0.008090 0.491768 
0.014017 0.014017 0.019353 0.952612 
0.250000 0.250000 0.250000 0.250000 
 164
0.728199 0.007754 0.046210 
0.242440 0.984156 0.462022 
0.029531 0.008079 0.491768 
0.013983 0.013983 0.016941 0.955093 
0.250000 0.250000 0.250000 0.250000 
 165
0.732405 0.007744 0.046210 
0.238064 0.984177 0.462022 
0.029531 0.008079 0.491768 
0.013983 0.013983 0.125604 0.846431 
0.250000 0.250000 0.250000 0.250000 
 166
0.732405 0.007744 0.046210 
0.238064 0.984177 0.462022 
0.029531 0.008079 0.491768 
0.902334 0.013983 0.013983 0.069700 
0.250000 0.250000 0.250000 0.250000 
 167
0.732405 0.007744 0.046210 
0.238064 0.984177 0.462022 
0.029531 0.008079 0.491768 
0.958052 0.013983 0.013983 0.013983 
0.250000 0.250000 0.250000 0.250000 
 168
0.732405 0.007744 0.046210 
0.238064 0.984177 0.462022 
0.029531 0.008079 0.491768 
0.013983 0.013983 0.013983 0.958052 
0.250000 0.250000 0.250000 0.250000 
 169
0.726008 0.007744 0.046210 
0.244461 0.984177 0.462022 
0.029721 0.008067 0.491768 
0.013945 0.013945 0.958166 0.013945 
0.250000 0.250000 0.250000 0.250000 
 170
0.730682 0.007733 0.046210 
0.239597 0.984201 0.462022 
0.029721 0.008067 0.491768 
0.958166 0.013945 0.013945 0.013945 
0.250000 0.250000 0.250000 0.250000 
 171
0.724943 0.007733 0.046210 
0.245336 0.984201 0.462022 
0.029892 0.008056 0.491768 
0.013911 0.958267 0.013911 0.013911 
0.250000 0.250000 0.250000 0.250000 
 172
0.729128 0.007722 0.046210 
0.240980 0.984221 0.462022 
0.029892 0.008056 0.491768 
0.958267 0.013911 0.013911 0.013911 
0.250000 0.250000 0.250000 0.250000 
 173
0.729128 0.007722 0.046210 
0.240980 0.984221 0.462022 
0.029892 0.008056 0.491768 
0.958267 0.013911 0.013911 0.013911 
0.250000 0.250000 0.250000 0.250000 
 174
0.263436 0.007722 0.046210 
0.706671 0.984221 0.462022 
0.055946 0.007281 0.491768 
0.965098 0.011634 0.011634 0.011634 
0.250000 0.250000 0.250000 0.250000 
 175
0.493042 0.006979 0.046210 
0.451013 0.985740 0.462022 
0.055946 0.007281 0.491768 
0.011634 0.011634 0.011634 0.965098 
0.250000 0.250000 0.250000 0.250000 
 176
0.493042 0.006979 0.046210 
0.451013 0.985740 0.462022 
0.055946 0.007281 0.491768 
0.011634 0.965098 0.011634 0.011634 
0.250000 0.250000 0.250000 0.250000 
 177
0.493042 0.006979 0.046210 
0.451013 0.985740 0.462022 
0.055946 0.007281 0.491768 
0.011634 0.965098 0.011634 0.011634 
0.250000 0.250000 0.250000 0.250000 
 178
0.493042 0.006979 0.046210 
0.451013 0.985740 0.462022 
0.055946 0.007281 0.491768 
0.011634 0.965098 0.011634 0.011634 
0.250000 0.250000 0.250000 0.250000 
 179
0.493042 0.006979 0.046210 
0.451013 0.985740 0.462022 
0.055946 0.007281 0.491768 
0.011634 0.965098 0.011634 0.011634 
0.250000 0.250000 0.250000 0.250000 
 180
0.493042 0.006979 0.046210 
0.451013 0.985740 0.462022 
0.055946 0.007281 0.491768 
0.016431 0.011634 0.011634 0.960301 
0.250000 0.250000 0.250000 0.250000 
 181
0.493042 0.006979 0.046210 
0.451013 0.985740 0.462022 
0.055946 0.007281 0.491768 
0.013763 0.962968 0.011634 0.011634 
0.250000 0.250000 0.250000 0.250000 
 182
0.493042 0.006979 0.046210 
0.451013 0.985740 0.462022 
0.055946 0.007281 0.491768 
0.011634 0.011634 0.961850 0.014882 
0.250000 0.250000 0.250000 0.250000 
 183
0.493042 0.006979 0.046210 
0.451013 0.985740 0.462022 
0.055946 0.007281 0.491768 
0.965098 0.011634 0.011634 0.011634 
0.250000 0.250000 0.250000 0.250000 
 184
0.493042 0.006979 0.046210 
0.451013 0.985740 0.462022 
0.055946 0.007281 0.491768 
0.965098 0.011634 0.011634 0.011634 
0.250000 0.250000 0.250000 0.250000 
 185
0.493042 0.006979 0.046210 
0.451013 0.985740 0.462022 
0.055946 0.007281 0.491768 
0.011634 0.011634 0.011634 0.965098 
0.250000 0.250000 0.250000 0.250000 
 186
0.493042 0.006979 0.046210 
0.451013 0.985740 0.462022 
0.055946 0.007281 0.491768 
0.011634 0.011634 0.011634 0.965098 
0.250000 0.250000 0.250000 0.250000 
 187
0.493042 0.006979 0.046210 
0.451013 0.985740 0.462022 
0.055946 0.007281 0.491768 
0.011634 0.011634 0.965098 0.011634 
0.250000 0.250000 0.250000 0.250000 
 188
0.493042 0.006979 0.046210 
0.451013 0.985740 0.462022 
0.055946 0.007281 0.491768 
0.965098 0.011634 0.011634 0.011634 
0.250000 0.250000 0.250000 0.250000 
 189
0.493042 0.006979 0.046210 
0.451013 0.985740 0.462022 
0.055946 0.007281 0.491768 
0.014058 0.011634 0.954329 0.019980 
0.250000 0.250000 0.250000 0.250000 
 190
0.493042 0.006979 0.046210 
0.451013 0.985740 0.462022 
0.055946 0.007281 0.491768 
0.011634 0.011634 0.011634 0.965098 
0.250000 0.250000 0.250000 0.250000 
 191
0.493042 0.006979 0.046210 
0.451013 0.985740 0.462022 
0.055946 0.007281 0.491768 
0.017233 0.959499 0.011634 0.011634 
0.250000 0.250000 0.250000 0.250000 
 192
0.493042 0.006979 0.046210 
0.451013 0.985740 0.462022 
0.055946 0.007281 0.491768 
0.965098 0.011634 0.011634 0.011634 
0.250000 0.250000 0.250000 0.250000 
 193
0.493042 0.006979 0.046210 
0.451013 0.985740 0.462022 
0.055946 0.007281 0.491768 
0.011634 0.965098 0.011634 0.011634 
0.250000 0.250000 0.250000 0.250000 
 194
0.480923 0.006979 0.046210 
0.463131 0.985740 0.462022 
0.056632 0.007271 0.491768 
0.011608 0.011608 0.956074 0.020711 
0.250000 0.250000 0.250000 0.250000 
 195
0.486823 0.006970 0.046210 
0.456545 0.985760 0.462022 
0.056632 0.007271 0.491768 
0.965177 0.011608 0.011608 0.011608 
0.250000 0.250000 0.250000 0.250000 
 196
0.486823 0.006970 0.046210 
0.456545 0.985760 0.462022 
0.056632 0.007271 0.491768 
0.011608 0.011608 0.011608 0.965177 
0.250000 0.250000 0.250000 0.250000 
 197
0.486823 0.006970 0.046210 
0.456545 0.985760 0.462022 
0.056632 0.007271 0.491768 
0.014202 0.962583 0.011608 0.011608 
0.250000 0.250000 0.250000 0.250000 
 198
0.486823 0.006970 0.046210 
0.456545 0.985760 0.462022 
0.056632 0.007271 0.491768 
0.965177 0.011608 0.011608 0.011608 
0.250000 0.250000 0.250000 0.250000 
 199
0.486823 0.006970 0.046210 
0.456545 0.985760 0.462022 
0.056632 0.007271 0.491768 
0.011608 0.011608 0.011608 0.965177 
0.250000 0.250000 0.250000 0.250000 
 200
0.486823 0.006970 0.046210 
0.456545 0.985760 0.462022 
0.056632 0.007271 0.491768 
0.960270 0.011608 0.014258 0.013865 
0.250000 0.250000 0.250000 0.250000 
 201
0.486823 0.006970 0.046210 
0.456545 0.985760 0.462022 
0.056632 0.007271 0.491768 
0.965177 0.011608 0.011608 0.011608 
0.250000 0.250000 0.250000 0.250000 
 202
0.486823 0.006970 0.046210 
0.456545 0.985760 0.462022 
0.056632 0.007271 0.491768 
0.965177 0.011608 0.011608 0.011608 
0.250000 0.250000 0.250000 0.250000 
 203
0.486823 0.006970 0.046210 
0.456545 0.985760 0.462022 
0.056632 0.007271 0.491768 
0.011608 0.965177 0.011608 0.011608 
0.250000 0.250000 0.250000 0.250000 
 204
0.486823 0.006970 0.046210 
0.456545 0.985760 0.462022 
0.056632 0.007271 0.491768 
0.011608 0.965177 0.011608 0.011608 
0.250000 0.250000 0.250000 0.250000 
 205
0.486823 0.006970 0.046210 
0.456545 0.985760 0.462022 
0.056632 0.007271 0.491768 
0.011608 0.011608 0.011608 0.965177 
0.250000 0.250000 0.250000 0.250000 
 206
0.486823 0.006970 0.046210 
0.456545 0.985760 0.462022 
0.056632 0.007271 0.491768 
0.011608 0.011608 0.019492 0.957293 
0.250000 0.250000 0.250000 0.250000 
 207
0.486823 0.006970 0.046210 
0.456545 0.985760 0.462022 
0.056632 0.007271 0.491768 
0.963063 0.013722 0.011608 0.011608 
0.250000 0.250000 0.250000 0.250000 
 208
0.486823 0.006970 0.046210 
0.456545 0.985760 0.462022 
0.056632 0.007271 0.491768 
0.011608 0.965177 0.011608 0.011608 
0.250000 0.250000 0.250000 0.250000 
 209
0.486823 0.006970 0.046210 
0.456545 0.985760 0.462022 
0.056632 0.007271 0.491768 
0.962955 0.013830 0.011608 0.011608 
0.250000 0.250000 0.250000 0.250000 
 210
0.486823 0.006970 0.046210 
0.456545 0.985760 0.462022 
0.056632 0.007271 0.491768 
0.011608 0.011608 0.014224 0.962560 
0.250000 0.250000 0.250000 0.250000 
 211
0.486823 0.006970 0.046210 
0.456545 0.985760 0.462022 
0.056632 0.007271 0.491768 
0.011608 0.011608 0.011608 0.965177 
0.250000 0.250000 0.250000 0.250000 
 212
0.486823 0.006970 0.046210 
0.456545 0.985760 0.462022 
0.056632 0.007271 0.491768 
0.962835 0.013950 0.011608 0.011608 
0.250000 0.250000 0.250000 0.250000 
 213
0.486823 0.006970 0.046210 
0.456545 0.985760 0.462022 
0.056632 0.007271 0.491768 
0.011608 0.011608 0.965177 0.011608 
0.250000 0.250000 0.250000 0.250000 
 214
0.473356 0.006970 0.046210 
0.470012 0.985760 0.462022 
0.057405 0.007260 0.491768 
0.965264 0.011579 0.011579 0.011579 
0.250000 0.250000 0.250000 0.250000 
 215
0.479817 0.006959 0.046210 
0.462778 0.985780 0.462022 
0.057405 0.007260 0.491768 
0.965264 0.011579 0.011579 0.011579 
0.250000 0.250000 0.250000 0.250000 
 216
0.479817 0.006959 0.046210 
0.462778 0.985780 0.462022 
0.057405 0.007260 0.491768 
0.965264 0.011579 0.011579 0.011579 
0.250000 0.250000 0.250000 0.250000 
 217
0.479817 0.006959 0.046210 
0.462778 0.985780 0.462022 
0.057405 0.007260 0.491768 
0.965264 0.011579 0.011579 0.011579 
0.250000 0.250000 0.250000 0.250000 
 218
0.479817 0.006959 0.046210 
0.462778 0.985780 0.462022 
0.057405 0.007260 0.491768 
0.011579 0.011579 0.011579 0.965264 
0.250000 0.250000 0.250000 0.250000 
 219
0.479817 0.006959 0.046210 
0.462778 0.985780 0.462022 
0.057405 0.007260 0.491768 
0.011579 0.011579 0.011579 0.965264 
0.250000 0.250000 0.250000 0.250000 
 220
0.479817 0.006959 0.046210 
0.462778 0.985780 0.462022 
0.057405 0.007260 0.491768 
0.011579 0.011579 0.011579 0.965264 
0.250000 0.250000 0.250000 0.250000 
 221
0.479817 0.006959 0.046210 
0.462778 0.985780 0.462022 
0.057405 0.007260 0.491768 
0.656539 0.320303 0.011579 0.011579 
0.250000 0.250000 0.250000 0.250000 
 222
0.479817 0.006959 0.046210 
0.462778 0.985780 0.462022 
0.057405 0.007260 0.491768 
0.011579 0.011579 0.011579 0.965264 
0.250000 0.250000 0.250000 0.250000 
 223
0.479817 0.006959 0.046210 
0.462778 0.985780 0.462022 
0.057405 0.007260 0.491768 
0.011579 0.011579 0.011579 0.965264 
0.250000 0.250000 0.250000 0.250000 
 224
0.479817 0.006959 0.046210 
0.462778 0.985780 0.462022 
0.057405 0.007260 0.491768 
0.011579 0.011579 0.011579 0.965264 
0.250000 0.250000 0.250000 0.250000 
 225
0.479817 0.006959 0.046210 
0.462778 0.985780 0.462022 
0.057405 0.007260 0.491768 
0.011579 0.965264 0.011579 0.011579 
0.250000 0.250000 0.250000 0.250000 
 226
0.479817 0.006959 0.046210 
0.462778 0.985780 0.462022 
0.057405 0.007260 0.491768 
0.965264 0.011579 0.011579 0.011579 
0.250000 0.250000 0.250000 0.250000 
 227
0.479817 0.006959 0.046210 
0.462778 0.985780 0.462022 
0.057405 0.007260 0.491768 
0.011579 0.011579 0.690220 0.286623 
0.250000 0.250000 0.250000 0.250000 
 228
0.479817 0.006959 0.046210 
0.462778 0.985780 0.462022 
0.057405 0.007260 0.491768 
0.965264 0.011579 0.011579 0.011579 
0.250000 0.250000 0.250000 0.250000 
 229
0.479817 0.006959 0.046210 
0.462778 0.985780 0.462022 
0.057405 0.007260 0.491768 
0.965264 0.011579 0.011579 0.011579 
0.250000 0.250000 0.250000 0.250000 
 230
0.479817 0.006959 0.046210 
0.462778 0.985780 0.462022 
0.057405 0.007260 0.491768 
0.011579 0.011579 0.011579 0.965264 
0.250000 0.250000 0.250000 0.250000 
 231
0.479817 0.006959 0.046210 
0.462778 0.985780 0.462022 
0.057405 0.007260 0.491768 
0.011579 0.965264 0.011579 0.011579 
0.250000 0.250000 0.250000 0.250000 
 232
0.479817 0.006959 0.046210 
0.462778 0.985780 0.462022 
0.057405 0.007260 0.491768 
0.965264 0.011579 0.011579 0.011579 
0.250000 0.250000 0.250000 0.250000 
 233
0.479817 0.006959 0.046210 
0.462778 0.985780 0.462022 
0.057405 0.007260 0.491768 
0.011579 0.011579 0.744322 0.232520 
0.250000 0.250000 0.250000 0.250000 
 234
0.479817 0.006959 0.046210 
0.462778 0.985780 0.462022 
0.057405 0.007260 0.491768 
0.011579 0.965264 0.011579 0.011579 
0.250000 0.250000 0.250000 0.250000 
 235
0.479817 0.006959 0.046210 
0.462778 0.985780 0.462022 
0.057405 0.007260 0.491768 
